1.07523
1.06701
1.06701
1.06806
1.07523
1.09158
1.06701
1.07318
1.0752
1.04752
1.04547
1.04752
1.04854
1.05469
1.04963
1.0496
1.04854
1.04858
1.04858
0.973824
0.974848
0.975872
0.978944
0.975872
0.976896
0.982016
0.980992
0.97792
0.976896
0.984064
0.982016
0.976896
0.985088
0.975872
0.98304
0.97792
0.97792
0.97792
0.97792
0.976896
0.974848
0.976896
0.985088
0.984064
0.976896
0.97792
0.985088
0.978944
0.978944
0.975872
0.97792
0.97792
0.979968
0.976896
0.975872
0.985088
0.985088
0.975872
0.975872
0.975872
0.984064
0.978944
0.982016
0.97792
0.975872
0.978944
0.975872
0.979968
0.975872
0.975872
0.973824
0.984064
0.975872
0.976896
0.976896
0.976896
0.97792
0.976896
0.975872
0.97792
0.976896
0.98816
0.97792
0.976896
0.98304
0.978944
0.975872
0.975872
0.973824
0.973824
0.973824
0.9728
0.973824
0.978944
0.9728
0.974848
0.975872
0.974848
0.973824
0.973824
0.9728
0.975872
0.975872
0.974848
0.974848
0.974848
0.974848
0.973824
0.973824
0.9728
0.975872
0.973824
0.974848
0.97792
0.9728
0.974848
0.973824
0.975872
0.973824
0.973824
0.97792
0.974848
0.973824
0.974848
0.974848
0.973824
0.973824
0.974848
0.976896
0.9728
0.974848
0.973824
0.975872
0.973824
0.9728
0.974848
0.973824
0.974848
0.9728
0.973824
0.976896
0.971776
0.9728
0.973824
0.971776
0.973824
0.974848
0.9728
0.97792
0.976896
0.976896
0.97792
0.976896
0.975872
0.976896
0.97792
0.976896
0.976896
0.976896
0.976896
0.975872
0.97792
0.975872
0.978944
0.976896
0.97792
0.975872
0.975872
0.984064
0.97792
0.97792
0.97792
0.975872
0.976896
0.97792
0.978944
0.976896
0.976896
0.976896
0.980992
0.978944
0.978944
0.97792
0.97792
0.976896
0.976896
0.975872
0.976896
0.976896
0.975872
0.974848
0.975872
0.975872
0.974848
0.97792
0.976896
0.976896
0.976896
0.975872
0.97792
0.975872
0.975872
0.98304
0.98304
0.982016
0.973824
0.978944
0.984064
0.987136
0.975872
0.984064
0.98304
0.976896
0.975872
0.975872
0.976896
0.976896
0.976896
0.975872
0.973824
0.97792
0.976896
0.976896
0.976896
0.976896
0.98304
0.975872
0.97792
0.973824
0.976896
0.975872
0.97792
0.976896
0.978944
0.974848
0.976896
0.97792
0.975872
0.976896
0.976896
0.980992
0.985088
0.982016
0.979968
0.976896
0.976896
0.976896
0.98304
0.975872
0.98304
0.974848
0.974848
0.975872
0.974848
0.974848
0.974848
0.976896
0.976896
0.974848
0.976896
0.973824
0.979968
0.973824
0.976896
0.975872
0.97792
0.974848
0.975872
0.976896
0.974848
0.974848
0.976896
0.976896
0.973824
0.973824
0.9728
0.974848
0.973824
0.974848
0.975872
0.973824
0.979968
0.975872
0.973824
0.979968
0.982016
0.979968
0.974848
0.974848
0.974848
0.982016
0.975872
0.974848
0.974848
0.975872
0.9728
0.974848
0.973824
0.9728
0.974848
0.974848
0.975872
0.971776
0.973824
0.976896
0.976896
0.971776
0.973824
0.973824
0.975872
0.973824
0.973824
0.974848
0.973824
0.973824
0.973824
0.9728
0.971776
0.971776
0.973824
0.9728
0.973824
0.971776
0.9728
0.9728
0.971776
0.971776
0.973824
0.974848
0.9728
0.9728
0.9728
0.974848
0.9728
0.97792
0.9728
0.973824
0.97792
0.971776
0.975872
0.9728
0.973824
0.970752
0.9728
0.971776
0.971776
0.97792
0.971776
0.970752
0.971776
0.9728
0.970752
0.970752
0.970752
0.971776
0.968704
0.970752
0.971776
0.971776
0.971776
0.971776
0.971776
0.970752
0.9728
0.9728
0.9728
0.971776
0.9728
0.9728
0.971776
0.973824
0.973824
0.9728
0.976896
0.976896
0.9728
0.9728
0.9728
0.973824
0.971776
0.975872
0.970752
0.9728
0.971776
0.9728
0.9728
0.971776
0.974848
0.971776
0.971776
0.9728
0.971776
0.971776
0.98304
0.973824
0.973824
0.973824
0.97792
0.971776
0.974848
0.9728
0.973824
0.974848
0.9728
0.974848
0.973824
0.971776
0.9728
0.9728
0.973824
0.971776
0.971776
0.971776
0.971776
0.9728
0.974848
0.9728
0.974848
0.9728
0.971776
0.973824
0.975872
0.975872
0.973824
0.973824
0.973824
0.974848
0.971776
0.974848
0.9728
0.973824
0.975872
0.9728
0.974848
0.9728
0.975872
0.974848
0.975872
0.975872
0.974848
0.979968
0.973824
0.9728
0.973824
0.973824
0.975872
0.9728
0.974848
0.974848
0.973824
0.974848
0.976896
0.973824
0.978944
0.9728
0.973824
0.975872
0.973824
0.971776
0.971776
0.971776
0.971776
0.971776
0.976896
0.971776
0.969728
0.971776
0.968704
0.968704
0.969728
0.969728
0.975872
0.969728
0.969728
0.968704
0.971776
0.9728
0.966656
0.968704
0.969728
0.969728
0.968704
0.969728
0.968704
0.968704
0.969728
0.968704
0.968704
0.969728
0.975872
0.96768
0.96768
0.971776
0.966656
0.965632
0.965632
0.966656
0.964608
0.96768
0.96768
0.968704
0.96768
0.965632
0.964608
0.965632
0.971776
0.966656
0.966656
0.964608
0.965632
0.965632
0.971776
0.966656
0.964608
0.966656
0.964608
0.96768
0.965632
0.971776
0.968704
0.966656
0.964608
0.965632
0.965632
0.9728
0.966656
0.966656
0.965632
0.964608
0.964608
0.963584
0.965632
0.965632
0.965632
0.964608
0.971776
0.966656
0.965632
0.965632
0.965632
0.964608
0.964608
0.96464
0.964608
0.96768
0.965632
0.964608
0.963584
0.963584
0.965632
0.96256
0.966656
0.964608
0.963584
0.964608
0.961536
0.964608
0.963584
0.964608
0.963584
0.963584
0.961536
0.961536
0.963584
0.964608
0.963584
0.964608
0.963584
0.964608
0.964608
0.965632
0.96256
0.96768
0.963584
0.961536
0.964608
0.963584
0.961536
0.963584
0.96256
0.966656
0.96256
0.96256
0.963584
0.968704
0.961536
0.963584
0.961536
0.963584
0.96768
0.964608
0.963584
0.963584
0.963584
0.965632
0.964608
0.965632
0.969728
0.964608
0.965632
0.964608
0.963584
0.964608
0.96256
0.964608
0.965632
0.964608
0.963584
0.964608
0.963584
0.965632
0.964608
0.965632
0.964608
0.963584
0.964608
0.966656
0.965632
0.96256
0.964608
0.965632
0.96256
0.963584
0.965632
0.965632
0.96768
0.96768
0.964608
0.965632
0.966656
0.964608
0.966656
0.965632
0.965632
0.964608
0.969728
0.965632
0.963584
0.965632
0.966656
0.965632
0.965632
0.964608
0.969728
0.965632
0.965632
0.965632
0.965632
0.966656
0.966656
0.965632
0.964608
0.965632
0.965632
0.965632
0.966656
0.965632
0.965632
0.965632
0.966656
0.966656
0.966656
0.966656
0.966656
0.96768
0.966656
0.96768
0.96768
0.965632
0.96768
0.964608
0.966656
0.965632
0.964608
0.970752
0.965632
0.966656
0.966656
0.966656
0.970752
0.971776
0.973824
0.965632
0.965632
0.9728
0.969728
0.96768
0.965632
0.965632
0.965632
0.971776
0.966656
0.966656
0.9728
0.96768
0.971776
0.968704
0.971776
0.96768
0.971776
0.968704
0.96768
0.968704
0.970752
0.966656
0.970752
0.968704
0.96768
0.968704
0.969728
0.968704
0.969728
0.969728
0.969728
0.971776
0.969728
0.969728
0.9728
0.969728
0.970752
0.975872
0.9728
0.970752
0.970752
0.970752
0.969728
0.971776
0.969728
0.970752
0.971776
0.969728
0.969728
0.973824
0.971776
0.969728
0.969728
0.971776
0.971776
0.973824
0.973824
0.973824
0.973824
0.968704
0.974848
0.971776
0.970752
0.970752
0.971776
0.970752
0.973824
0.9728
0.9728
0.976896
0.973824
0.9728
0.973824
0.9728
0.974848
0.975872
0.975872
0.976896
0.975904
0.975872
0.973824
0.9728
0.9728
0.974848
0.982016
0.973824
0.980992
0.974848
0.974848
0.974848
0.974848
0.975872
0.975872
0.976896
0.974848
0.976896
0.97792
0.97792
0.975872
0.97792
0.976896
0.975872
0.976896
0.974848
0.980992
0.975872
0.974848
0.980992
0.976896
0.976896
0.97792
0.975872
0.974848
0.974848
0.975872
0.975872
0.976896
0.974848
0.976896
0.975872
0.975872
0.976896
0.97792
0.975872
0.97792
0.975872
0.975872
0.974848
0.974848
0.979968
0.975872
0.974848
0.976896
0.975872
0.982016
0.97792
0.984064
0.980992
0.97792
0.976896
0.978944
0.978944
0.97792
0.976896
0.97792
0.975872
0.976896
0.97792
0.976896
0.975872
0.976896
0.976896
0.975872
0.978944
0.975872
0.976896
0.97792
0.976896
0.97792
0.975872
0.975872
0.975872
0.978944
0.975872
0.978944
0.97792
0.97792
0.976896
0.976896
0.978944
0.976896
0.976896
0.97792
0.97792
0.975872
0.976896
0.986112
0.975872
0.975872
0.975872
0.976896
0.97792
0.975872
0.97792
0.978944
0.97792
0.978944
0.98304
0.97792
0.97792
0.979968
0.97792
0.978944
0.976896
0.979968
0.978944
0.976896
0.97792
0.98304
0.974848
0.975872
0.97792
0.97792
0.976896
0.976896
0.984064
0.976896
0.97792
0.976896
0.976896
0.976896
0.976896
0.975872
0.975872
0.975872
0.974848
0.975872
0.973824
0.976896
0.97792
0.975872
0.974848
0.97792
0.973824
0.974848
0.975872
0.973824
0.974848
0.982016
0.976896
0.974848
0.975872
0.975872
0.976896
0.9728
0.975872
0.978944
0.9728
0.971776
0.971776
0.970752
0.971776
0.971776
0.970752
0.973824
0.971776
0.971776
0.971776
0.973824
0.9728
0.971776
0.975872
0.971776
0.971776
0.9728
0.970752
0.971776
0.973824
0.979968
0.9728
0.971776
0.9728
0.9728
0.971776
0.973824
0.971776
0.9728
0.971776
0.974848
0.975872
0.971776
0.9728
0.9728
0.971776
0.971776
0.9728
0.9728
0.971776
0.974848
0.971776
0.971776
0.969728
0.9728
0.970752
0.9728
0.973824
0.9728
0.976896
0.9728
0.971776
0.974848
0.971776
0.973824
0.9728
0.9728
0.971776
0.973824
0.9728
0.971776
0.970752
0.971776
0.9728
0.975872
0.9728
0.970752
0.9728
0.9728
0.973824
0.9728
0.974848
0.9728
0.971776
0.974848
0.97792
0.973824
0.973824
0.973824
0.9728
0.973824
0.970752
0.9728
0.971776
0.975872
0.973824
0.9728
0.9728
0.970752
0.9728
0.98304
0.970752
0.973824
0.969728
0.969728
0.969728
0.978944
0.971776
0.970752
0.971776
0.9728
0.971776
0.971776
0.973824
0.973824
0.970752
0.9728
0.971776
0.971776
0.978944
0.971776
0.970752
0.970752
0.971776
0.973824
0.9728
0.971776
0.970752
0.971776
0.970752
0.971776
0.9728
0.973824
0.976896
0.971776
0.9728
0.982016
0.978944
0.974848
0.975872
0.976896
0.975872
0.975872
0.975872
0.975872
0.975872
0.975872
0.9728
0.978944
0.976896
0.975872
0.974848
0.974848
0.975872
0.974848
0.974848
0.975872
0.975872
0.975872
0.97792
0.975872
0.976896
0.97792
0.975872
0.97792
0.976896
0.978944
0.976896
0.978944
0.979968
0.97792
0.97792
0.978944
0.994304
0.991232
0.994304
0.99328
0.99328
0.992256
0.992256
0.99328
0.99328
0.985088
0.980992
0.986112
0.98816
0.982016
0.982016
0.982016
0.980992
0.979968
0.982016
0.980992
0.98304
0.982016
0.98304
0.98304
0.982016
0.984064
0.982016
0.984064
0.98304
0.990208
0.982016
0.980992
0.982016
0.982016
0.982016
0.982016
0.98304
0.989184
0.982016
0.980992
0.98304
0.979968
0.982016
0.980992
0.98304
0.982016
0.982016
0.980992
0.982016
0.98304
0.98304
0.984064
0.982016
0.980992
0.9728
0.971776
0.973824
0.971776
0.973824
0.970752
0.973824
0.970752
0.971776
0.9728
0.971776
0.970752
0.976896
0.971776
0.969728
0.970752
0.971776
0.971776
0.97792
0.971776
0.9728
0.971776
0.973824
0.970752
0.975872
0.971776
0.9728
0.971776
0.971776
0.971776
0.973824
0.970752
0.971776
0.971776
0.980992
0.978944
0.978944
0.9728
0.97792
0.978944
0.979968
0.973824
0.975872
0.978944
0.978944
0.9728
0.971776
0.974848
0.9728
0.9728
0.971776
0.9728
0.974848
0.970752
0.9728
0.975872
0.971776
0.97792
0.9728
0.973824
0.973824
0.970752
0.971776
0.971776
0.9728
0.9728
0.9728
0.9728
0.970752
0.971776
0.971776
0.976896
0.971776
0.970752
0.971776
0.969728
0.971776
0.9728
0.9728
0.971776
0.9728
0.9728
0.9728
0.971776
0.9728
0.971776
0.976896
0.976896
0.971776
0.970752
0.9728
0.973824
0.970752
0.971776
0.9728
0.971776
0.973824
0.971776
0.979968
0.974848
0.970752
0.976896
0.9728
0.9728
0.971776
0.976896
0.970752
0.971776
0.970752
0.971776
0.976896
0.970752
0.971776
0.9728
0.973824
0.9728
0.9728
0.975872
0.975872
0.982016
0.976896
0.975872
0.975872
0.974848
0.971776
0.973824
0.973824
0.973824
0.974848
0.9728
0.973824
0.973824
0.973824
0.973824
0.973824
0.978944
0.973824
0.9728
0.976896
0.971776
0.973824
0.9728
0.973824
0.9728
0.973824
0.973824
0.973824
0.974848
0.973824
0.974848
0.975872
0.979968
0.978944
0.987136
0.979968
0.978944
0.98816
0.978944
0.980992
0.980992
0.978944
0.980992
0.978944
0.980992
0.982016
0.990208
0.979968
0.980992
0.980992
0.979968
0.982016
0.978944
0.980992
0.979968
0.978944
0.978944
0.979968
0.986112
0.978944
0.978944
0.978944
0.978944
0.970752
0.970752
0.979968
0.984064
0.978944
0.978944
0.978944
0.97792
0.978944
0.978944
0.979968
0.979968
0.979968
0.978944
0.978944
0.984064
0.984064
0.982016
0.979968
0.98304
0.98304
0.986112
0.979968
0.976896
0.97792
0.980992
0.974848
0.974848
0.984064
0.976896
0.975872
0.979968
0.975872
0.975872
0.975872
0.975872
0.974848
0.974848
0.975872
0.974848
0.976896
0.974848
0.975872
0.975872
0.976896
0.982016
0.973824
0.975872
0.975872
0.975872
0.975872
0.975872
0.975872
0.975872
0.974848
0.976896
0.976896
0.976896
0.976896
0.974848
0.975872
0.975872
0.976896
0.975872
0.976896
0.976896
0.973824
0.974848
0.973824
0.974848
0.975872
0.976896
0.974848
0.976896
0.973824
0.976896
0.98304
0.979968
0.975872
0.980992
0.976896
0.974848
0.975872
0.975872
0.975872
0.974848
0.976896
0.980992
0.980992
0.973824
0.973824
0.974848
0.979968
0.974848
0.979968
0.973824
0.973824
0.975872
0.973824
0.982016
0.973824
0.973824
0.974848
0.973824
0.97792
0.975872
0.975872
0.975872
0.974848
0.980992
0.975872
0.975872
0.978944
0.974848
0.973824
0.975872
0.976896
0.973824
0.975872
0.976896
0.975872
0.974848
0.975872
0.975872
0.982016
0.974848
0.974848
0.975872
0.975872
0.974848
0.978944
0.974848
0.974848
0.973824
0.9728
0.974848
0.974848
0.973824
0.974848
0.974848
0.97792
0.97792
0.973824
0.973824
0.960512
0.958464
0.958464
0.959488
0.959488
0.959488
0.958464
0.959488
0.960512
0.95744
0.958464
0.958464
0.959488
0.964608
0.958464
0.963584
0.958464
0.960512
0.958464
0.959488
0.959488
0.958464
0.958464
0.958464
0.959488
0.958464
0.958464
0.959488
0.958464
0.95744
0.958464
0.959488
0.95744
0.958464
0.958464
0.959488
0.943104
0.943104
0.943104
0.943104
0.943104
0.943104
0.944128
0.943104
0.944128
0.944128
0.94208
0.944128
0.943104
0.944128
0.922624
0.923648
0.923648
0.923648
0.923648
0.923648
0.922624
0.923648
0.928768
0.924672
0.923648
0.923648
0.922624
0.924672
0.923648
0.923648
0.924672
0.928768
0.924672
0.924672
0.923648
0.923648
0.923648
0.923648
0.922624
0.925696
0.922624
0.927744
0.9216
0.9216
0.923648
0.922624
0.9216
0.9216
0.922624
0.922624
0.922624
0.923648
0.9216
0.922624
0.922624
0.92672
0.9216
0.922624
0.922624
0.924672
0.925696
0.922624
0.922624
0.922624
0.922624
0.922624
0.9216
0.923648
0.922624
0.920576
0.920576
0.922624
0.922624
0.9216
0.922624
0.920576
0.927744
0.925696
0.927744
0.9216
0.9216
0.922624
0.922624
0.922624
0.9216
0.9216
0.920576
0.9216
0.925696
0.922624
0.9216
0.9216
0.922624
0.928768
0.92672
0.922624
0.9216
0.9216
0.9216
0.922624
0.9216
0.9216
0.9216
0.927744
0.922624
0.922624
0.922624
0.9216
0.9216
0.9216
0.922624
0.922624
0.9216
0.9216
0.9216
0.922624
0.922624
0.920576
0.9216
0.9216
0.922624
0.9216
0.922624
0.922624
0.92672
0.9216
0.9216
0.9216
0.920576
0.9216
0.925696
0.9216
0.9216
0.9216
0.920576
0.9216
0.922624
0.9216
0.922624
0.928768
0.9216
0.9216
0.9216
0.9216
0.922624
0.9216
0.920576
0.9216
0.922624
0.922624
0.9216
0.922624
0.9216
0.922624
0.920576
0.9216
0.922624
0.9216
0.9216
0.9216
0.922624
0.9216
0.9216
0.9216
0.9216
0.927744
0.920576
0.9216
0.922624
0.9216
0.9216
0.920576
0.9216
0.92672
0.92672
0.9216
0.920576
0.9216
0.920576
0.9216
0.9216
0.9216
0.9216
0.922624
0.923648
0.922624
0.9216
0.9216
0.922624
0.922624
0.929792
0.9216
0.9216
0.9216
0.928768
0.9216
0.9216
0.920576
0.923648
0.9216
0.922624
0.9216
0.922624
0.922624
0.922624
0.9216
0.9216
0.922624
0.9216
0.920576
0.9216
0.920576
0.925696
0.920576
0.9216
0.922624
0.9216
0.922624
0.920576
0.922624
0.922624
0.9216
0.922624
0.927744
0.920576
0.9216
0.924672
0.9216
0.924672
0.9216
0.922624
0.923648
0.92672
0.9216
0.922624
0.9216
0.922624
0.922624
0.920576
0.9216
0.9216
0.9216
0.9216
0.9216
0.9216
0.9216
0.9216
0.928768
0.9216
0.922624
0.927744
0.9216
0.923648
0.922624
0.922624
0.9216
0.9216
0.9216
0.9216
0.9216
0.922624
0.922624
0.9216
0.920576
0.922624
0.923648
0.9216
0.92672
0.9216
0.9216
0.9216
0.9216
0.922624
0.9216
0.922624
0.922624
0.9216
0.925696
0.92672
0.922624
0.924672
0.927744
0.922624
0.92672
0.922624
0.922624
0.920576
0.922624
0.922624
0.9216
0.9216
0.9216
0.920576
0.9216
0.920576
