0.87552
0.859136
0.85504
0.852992
0.854016
0.854016
0.84992
0.851968
0.856064
0.851968
0.85504
0.851968
0.85504
0.858112
0.852992
0.851968
0.850944
0.851968
0.852992
0.851968
0.851968
0.85504
0.859136
0.852992
0.858112
0.85504
0.85504
0.851968
0.850944
0.851968
0.85504
0.857088
0.854016
0.851968
0.851968
0.856064
0.856064
0.858112
0.852992
0.850944
0.851968
0.85504
0.854016
0.856064
0.852992
0.851968
0.851968
0.852992
0.856064
0.85504
0.851968
0.858112
0.850944
0.850944
0.858112
0.856064
0.854016
0.851968
0.85504
0.861184
0.851968
0.850944
0.859136
0.851968
0.852992
0.857088
0.858112
0.85504
0.851968
0.857088
0.852992
0.852992
0.857088
0.851968
0.851968
0.852992
0.857088
0.857088
0.852992
0.851968
0.857088
0.851968
0.854016
0.86016
0.850944
0.858112
0.851968
0.851968
0.854016
0.854016
0.852992
0.852992
0.856064
0.850944
0.854016
0.851968
0.851968
0.862208
0.859136
0.852992
0.850944
0.851968
0.85504
0.851968
0.851968
0.851968
0.854016
0.852992
0.854016
0.850944
0.852992
0.85504
0.851968
0.851968
0.851968
0.852992
0.850944
0.851968
0.85504
0.851968
0.851936
0.851968
0.851968
0.851968
0.850944
0.851968
0.856064
0.851968
0.863232
0.851968
0.852992
0.852992
0.850944
0.851968
0.851968
0.857088
0.850944
0.852992
0.861184
0.851968
0.851968
0.84992
0.858112
0.851968
0.851968
0.852992
0.851968
0.851968
0.850944
0.850944
0.852992
0.85504
0.854016
0.85504
0.85504
0.852992
