2.02749
2.01318
2.03059
2.01523
2.01728
2.01216
2.0183
2.04288
2.01523
2.01622
2.0296
2.01725
2.02134
1.84525
1.8432
1.84627
1.84627
1.84627
1.84832
1.8432
1.85037
1.8473
1.84832
1.8473
1.85037
1.8473
1.84525
1.84422
1.84832
1.85139
1.85139
1.84934
1.84218
1.84627
1.85242
1.8473
1.85139
1.85242
1.85549
1.83808
1.84218
1.84422
1.8473
1.84525
1.84525
1.85139
1.84525
1.8473
1.84934
1.85037
1.84832
1.8473
1.86163
1.85549
1.84627
1.8473
1.8432
1.84627
1.84832
1.84934
1.8432
1.85037
1.85344
1.85037
1.85856
1.85037
1.84934
1.84115
1.84934
1.84832
1.85037
1.84115
1.84832
1.8473
1.84627
1.85446
1.84525
1.85139
1.84627
1.84934
1.8647
1.84218
1.84525
1.84218
1.85139
1.8473
1.85344
1.84627
1.84422
1.85037
1.84832
1.84525
1.85139
1.84525
1.8432
1.84218
1.8432
1.84627
1.85037
1.84934
1.85651
1.84525
1.84627
1.84832
1.84525
1.8473
1.84525
1.84115
1.84115
1.85446
1.84422
1.84422
1.84934
1.84525
1.8432
1.84218
1.84832
1.84627
1.84934
1.84525
1.85549
1.85242
1.85344
1.84525
1.84525
1.8432
1.8473
1.85037
1.84832
1.84218
1.85037
1.84218
1.84627
1.84218
1.86061
1.85037
1.83603
1.8473
1.84013
1.8391
1.8391
1.83501
1.83706
1.83603
1.84422
1.84115
1.84627
1.85344
1.8473
1.85037
1.84934
1.85242
1.8473
1.85754
1.84525
1.84525
1.85139
1.8432
1.8473
1.84525
1.84627
1.84832
1.84525
1.84627
