2.03264
2.0296
2.02342
2.00195
2.0183
2.02141
2.00294
2.02752
2.02035
1.83501
1.86163
1.84115
1.85139
1.84934
1.84422
1.83808
1.84832
1.84115
1.85344
1.85549
1.8432
1.84115
1.85242
1.84013
1.84422
1.84525
1.85549
1.84218
1.8473
1.84422
1.84934
1.85446
1.86163
1.85242
1.85446
1.8432
1.84218
1.85549
1.84525
1.84218
1.84832
1.85037
1.8432
1.84013
1.84218
1.84218
1.8473
1.8391
1.84525
1.85958
1.86368
1.84525
1.84422
1.84218
1.84115
1.84422
1.85037
1.84013
1.84832
1.84218
1.84218
1.8473
1.84013
1.83706
1.84218
1.8391
1.84627
1.84422
1.84013
1.8432
1.8432
1.83808
1.8473
1.84013
1.84115
1.84013
1.84013
1.84013
1.84218
1.84115
1.83808
1.84218
1.8432
1.84627
1.84422
1.84115
1.83808
1.83706
1.8432
1.84218
1.84115
1.84013
1.8391
1.8391
1.84115
1.83501
1.84013
1.8391
1.84218
1.8432
1.84627
1.84013
1.84525
1.8391
1.8473
1.84525
1.85344
1.84218
1.85139
1.83808
1.84115
1.83808
1.8432
1.83808
1.84525
1.8391
1.84013
1.84013
1.8473
1.83808
1.84627
1.84013
1.84422
1.84218
1.85856
1.84218
1.84525
1.84013
1.84218
1.84832
1.84525
1.8432
1.83808
1.85139
1.84422
1.83706
1.83603
1.83808
1.83706
1.83398
1.83398
1.83296
1.84525
1.84218
1.83091
1.83603
1.83194
1.82784
1.8391
1.82989
1.83501
1.83091
1.82989
1.83808
1.84934
1.84934
1.84115
1.84627
1.84218
1.83808
1.84422
1.83808
1.84627
1.8432
1.8432
1.83808
1.84934
1.8432
1.8391
1.84115
1.84218
1.8432
1.84832
1.83706
1.84525
1.8473
1.83808
1.83296
1.83706
1.83501
1.83808
1.83603
1.83603
1.84115
1.83398
1.83808
1.83603
1.83296
1.8391
1.83194
1.83808
1.8391
1.83296
1.82579
1.8391
1.82989
1.83296
1.82886
1.83194
1.82784
1.84013
1.83091
1.8432
1.83603
1.83091
1.83603
1.83194
1.82989
1.84525
1.83296
1.83194
1.83194
1.83603
1.82682
1.84218
1.82886
1.83501
1.8391
1.83808
1.83398
1.84934
1.8391
1.83603
1.84627
1.83501
1.83603
1.84422
1.84013
1.83501
1.83501
1.83808
1.83398
1.8432
1.83398
1.84115
1.84218
1.83706
1.83398
1.84422
1.8391
1.85446
1.84115
1.84013
1.8432
1.84115
1.84218
1.84218
1.83706
1.84013
1.84013
1.8432
1.83603
1.84422
1.8432
1.8432
1.84218
1.85242
1.8391
1.84525
1.84013
1.84013
1.84627
1.85139
1.8391
1.84525
1.84218
1.84218
1.84115
1.8432
1.84218
1.8473
1.84627
1.84422
1.84422
1.85242
1.85549
1.8432
2.1504
2.1504
2.14426
2.14938
2.14323
2.1504
2.14938
2.14733
2.14528
2.1504
2.14835
2.15552
2.14938
2.1504
2.1463
2.1463
2.15142
2.15552
2.15654
2.14426
2.14118
2.15552
2.14426
2.14426
2.14733
2.14221
2.13811
2.15347
2.13606
2.1463
2.14118
2.14221
2.13811
2.14323
2.14118
2.14118
2.14835
2.1463
2.14426
2.15245
2.14934
2.14835
2.1463
2.14835
2.1463
2.15347
2.14528
2.14733
2.14528
2.15142
2.1463
2.14733
2.14323
2.14835
2.13606
2.14221
2.14426
2.14221
2.14426
2.14221
2.13709
2.14016
2.13914
2.14221
2.13709
2.14016
2.13914
2.13914
2.14426
2.14016
2.15142
2.14323
2.14221
2.15347
2.14528
2.1504
2.15245
2.14733
2.1463
2.1504
2.14938
2.15347
2.14835
2.14835
2.1463
2.1504
2.1463
2.1504
2.14528
2.14835
2.15347
2.14835
2.14221
2.1463
2.14426
2.1504
2.14426
2.1463
2.14118
2.14528
2.14221
2.15552
2.14118
2.14426
2.14221
2.14528
2.14323
2.15142
2.14426
2.14733
2.14323
2.14323
2.14426
2.14835
2.14426
2.14733
2.14835
2.14733
2.14835
2.14733
2.14528
2.1463
2.14733
2.1463
2.14835
2.15347
2.14323
2.1463
2.14426
2.14733
2.14528
2.1463
2.14323
2.16576
2.14221
2.14016
2.14221
2.14528
2.14118
2.14221
2.14221
2.1504
2.15552
2.14733
2.14733
2.15654
2.1463
2.14733
2.15552
2.14938
2.14221
2.14528
2.14426
2.15654
2.1504
2.14426
2.14118
2.1463
2.14528
2.15347
2.14938
2.14426
2.15552
2.16269
2.14323
2.14528
2.14016
2.14528
2.14835
2.14733
2.14426
2.14426
2.14221
2.14528
2.14426
2.14323
2.1463
2.1504
2.14221
2.14323
2.14221
2.14426
2.13811
2.14118
2.13914
2.14118
2.14528
2.14426
2.1463
2.14733
2.14528
2.15859
2.14528
2.14733
2.14938
2.1463
2.13914
2.14426
2.14835
2.14118
2.13914
2.14323
2.14118
2.14323
2.14118
2.14221
2.14221
2.1463
2.14835
2.14528
2.15347
2.15245
2.14118
2.14323
2.14426
2.14323
2.14221
2.14426
2.14426
2.15245
2.14733
2.14528
2.14221
2.14528
2.14118
2.14835
2.14323
2.14118
2.14528
2.14118
2.14221
2.14016
2.13811
2.14221
2.70438
2.70131
2.70029
2.70541
2.70336
2.70438
2.70029
2.70643
2.70131
2.70336
2.70336
2.70746
2.70131
2.71155
2.70234
2.70541
2.70131
2.70541
2.70438
2.70541
2.70438
2.70541
2.70336
2.71053
2.70746
2.70848
2.70848
2.70643
2.70643
2.7095
2.70746
2.71462
2.70746
2.7095
2.70848
2.7095
2.7095
2.71053
2.70848
2.7177
2.70848
2.7136
2.71155
2.72282
2.71155
2.7177
2.71155
2.71462
2.71155
2.71462
2.72896
2.71667
2.72998
2.72077
2.70746
2.71053
2.70848
2.7095
2.71258
2.7095
2.70746
2.7136
2.70541
2.7095
2.70746
2.7095
2.7095
2.71155
2.71155
2.72282
2.70848
2.71155
2.7095
2.71155
2.7095
2.71565
2.71258
2.72077
2.71462
2.72998
2.71462
2.71565
2.7136
2.71462
2.72077
2.7136
2.71258
2.71667
2.71462
2.71565
2.71667
2.71667
2.7136
2.71462
2.71258
2.71667
2.72282
2.71667
2.71462
2.71667
2.71462
2.72179
2.71462
2.71667
2.71462
2.71974
2.71667
2.72179
2.7136
2.72384
2.7136
2.72794
2.7351
2.71565
2.73715
2.7177
2.71872
2.7136
2.7136
2.7177
2.7136
2.71565
2.71053
2.7136
2.7136
2.7136
2.7136
2.71053
2.7095
2.70848
2.70746
2.71053
2.7095
2.7095
2.70746
2.71053
2.7095
2.70541
2.70438
2.70643
2.71462
2.70438
2.71667
2.70643
2.72282
2.70746
2.7095
2.70541
2.70336
2.71155
2.69824
2.70131
2.69824
2.69926
2.69722
2.70029
2.69722
2.70438
2.69722
2.7136
2.70234
2.69824
2.69824
2.14528
2.14221
2.14221
2.14733
2.14323
2.14118
2.14528
2.14221
2.14323
2.1545
2.14528
2.13914
2.13504
2.12685
2.1289
2.1248
2.13094
2.12685
2.12787
2.12582
2.13197
2.1248
2.12992
2.13197
2.13197
2.1248
2.12378
2.12582
2.1248
2.1248
2.1248
2.12378
2.1289
2.12378
2.1248
2.13197
2.12173
2.12173
2.12685
2.11456
2.11866
2.11866
2.11661
2.11558
2.12992
2.11558
2.11968
2.1207
2.11763
2.11456
2.12173
2.11558
2.11661
2.11456
2.11866
2.10944
2.11251
2.10842
2.12787
2.10739
2.11354
2.11968
2.11661
2.11046
2.11251
2.11149
2.11251
2.11251
2.11456
2.10944
2.11866
1.52371
1.51962
1.51757
1.51859
1.51654
1.52371
1.52371
1.52166
1.51859
1.51245
1.50938
1.51245
1.50938
1.51142
1.5104
1.5104
1.51142
1.5145
1.5104
1.51347
1.5104
1.51654
1.51347
1.51142
1.5104
1.51757
1.5104
1.50835
1.50835
1.50938
1.51142
1.50938
1.5063
1.51142
1.51142
1.50733
1.51142
1.51347
1.50733
1.51757
1.50835
1.50938
1.51245
1.51245
1.51552
1.51347
1.50835
1.5145
1.50938
1.51347
1.5104
1.5145
1.5104
1.51962
1.51245
1.51654
1.51347
1.5145
1.51245
1.51654
1.5104
1.51962
1.5145
1.50733
1.50835
1.51757
1.51552
1.51347
1.51347
1.52371
1.51347
1.52166
1.5145
1.51859
1.51347
1.51962
1.51142
1.50938
1.51142
1.50835
1.51347
1.51757
1.51142
1.51347
1.51245
1.51552
1.52166
1.51142
1.52269
1.51654
1.51347
1.51654
1.52474
1.52166
1.53395
1.51962
1.51757
1.52166
1.52474
1.52474
1.54419
1.52269
1.54522
1.54317
1.53498
1.52576
1.52986
1.52781
1.52576
1.52678
1.52883
1.5401
1.53907
1.54522
1.53498
1.54931
1.5319
1.53395
1.54419
2.12582
2.12787
2.1248
1.5319
1.54726
1.55648
1.536
1.53395
2.1289
2.12787
2.13606
2.12787
2.12992
2.1248
2.1248
2.13811
2.13094
2.13709
2.13402
2.13094
2.1248
2.1207
2.12992
2.1289
2.14016
2.1289
2.14016
2.12992
2.13402
2.12787
2.13299
2.12992
2.14426
2.12787
2.13094
2.13094
2.13606
2.13402
2.13606
2.13402
2.13299
2.13197
2.1504
2.14938
2.14118
2.13914
1.83194
1.82682
1.83603
1.83194
1.82989
1.83501
1.8391
1.83398
1.8473
1.83091
1.83501
1.83398
1.84218
1.8391
1.84218
1.83808
1.8473
1.8391
1.83603
1.83398
1.84422
1.83603
1.84013
1.83296
1.83603
1.8391
1.85242
1.84115
1.84422
1.84218
1.84013
1.8391
1.84525
1.8391
1.8473
1.84013
1.84218
1.83706
1.85446
1.83808
1.8432
1.83501
1.84832
1.83501
1.83808
1.85754
1.83706
1.83398
1.8391
1.82989
1.83501
1.82989
1.83398
1.83398
1.83296
1.84013
1.83398
1.83091
1.82886
1.82682
1.83091
1.82886
1.82886
1.82886
1.83501
1.82682
1.83501
1.82989
1.8432
1.82989
1.83194
1.82784
1.83808
1.83091
1.83706
1.84525
1.82989
1.83194
1.82989
1.83194
1.84013
1.83091
1.83091
1.83706
1.83296
1.83194
1.83194
1.83091
1.83603
1.82682
1.83194
1.82886
1.83091
1.82579
1.82784
1.82477
1.83603
1.83296
1.82784
1.84013
1.83501
1.82682
1.83808
1.82682
1.82477
1.82477
1.82374
1.83091
1.82579
1.82272
1.82989
1.82272
1.82579
1.82272
1.82682
1.8217
1.82886
1.82272
1.82579
1.82272
1.82682
1.82477
1.82272
1.82272
1.82579
1.82886
1.82682
1.82886
1.83091
1.82784
1.83194
1.82579
1.82477
1.82886
1.82579
1.82272
1.81248
1.80838
1.8135
1.81862
1.81453
1.81965
1.81146
1.81453
1.81453
1.80941
1.81862
1.80941
1.81248
1.80838
1.80838
1.80838
1.8176
1.80941
1.81146
1.80634
1.8176
1.81248
1.81248
1.82374
1.81043
1.81043
1.8176
1.80941
1.81248
1.81146
1.8135
1.80941
1.81146
1.81043
1.8135
1.8135
1.81658
1.82477
1.81658
1.81658
1.81248
1.81555
1.81146
1.82067
1.81965
1.80941
1.81146
1.81862
1.81965
1.82886
1.82886
1.85549
1.83398
1.82886
1.8391
1.82886
1.83296
1.82989
1.83296
1.83091
1.83296
1.82989
1.83091
1.82989
1.83398
1.82886
1.83296
1.83808
1.83501
1.83091
1.83603
1.82886
1.83398
1.83194
1.82989
1.82886
1.83091
1.83091
1.83398
1.80838
1.81248
1.81146
1.81248
1.81043
1.82067
1.81658
1.82272
1.82272
1.81453
1.81146
1.81555
1.81453
1.81555
1.8135
1.81555
1.81146
1.81248
1.8135
1.80838
1.81146
1.80941
1.80122
1.80326
1.79917
1.80326
1.81146
1.80224
1.80019
1.81248
1.80531
1.80838
1.80838
1.80736
1.80634
1.80941
1.81146
1.80941
1.80941
1.80838
1.80429
1.7961
1.79098
1.78995
1.78893
1.79814
1.7961
1.79814
1.79712
1.80634
1.79507
1.80122
1.79814
1.80429
1.79712
1.80838
1.79814
1.80326
1.7961
1.80019
1.79712
1.79712
1.80019
1.80736
1.80224
1.80429
1.80122
1.80224
1.80019
1.79917
1.79405
1.79814
1.79814
1.79917
1.7961
1.80429
1.79712
1.80531
1.79814
1.79917
1.79917
1.79917
1.7961
1.80531
1.80429
1.79917
1.79814
1.79507
1.79405
1.79814
1.7961
1.79507
2.35622
2.36749
2.3552
2.36237
2.35827
2.35827
2.35725
2.35622
2.35418
2.35827
2.3593
2.36646
2.3593
2.36544
2.36032
2.36237
2.3593
2.36544
2.36442
2.37261
2.3593
2.36237
2.36032
2.36237
2.3593
2.36237
2.36032
2.36134
2.3593
2.36442
2.35827
2.36442
2.36544
2.37466
2.37261
2.38797
2.36851
2.36442
2.36851
2.3593
2.3593
2.36134
2.3593
2.36134
2.36134
2.36032
2.36032
2.36032
2.36442
2.36032
2.35827
2.36032
2.35725
2.36032
2.35725
2.3593
2.35827
2.36134
2.37056
2.3593
2.36032
2.34598
2.34394
2.34394
2.34496
2.34701
2.34291
2.34496
2.34701
2.3511
2.34189
2.34496
2.35008
2.34496
2.3511
2.34598
2.34803
2.34496
2.34496
2.34598
2.34803
2.35213
2.35008
2.34394
2.34394
2.36646
2.3593
2.35725
2.36032
2.36032
2.3552
2.35725
2.36237
2.36134
2.35827
2.36339
2.3593
2.37056
2.35725
2.36032
2.3593
2.35725
2.3552
2.35725
2.35418
2.3593
2.35827
2.3552
2.36954
2.3593
2.3552
2.34598
2.33677
2.33984
2.33677
2.33779
2.34189
2.33882
2.34086
2.33779
2.33574
2.36442
2.3552
2.35418
2.35315
2.3552
2.35315
2.3552
2.35827
2.35622
2.35315
2.3552
2.35418
2.35622
2.36544
2.35725
2.36237
2.35827
2.36134
2.3593
2.36237
2.36851
2.35725
2.35622
2.35315
2.36646
2.35622
2.35418
2.37056
2.35725
2.3552
2.35213
2.34906
2.37056
2.37568
2.37056
2.36851
2.37158
2.36954
2.36749
2.36851
2.36954
2.36749
2.37363
2.36749
2.37568
2.36749
2.34598
2.34291
2.34598
2.34291
2.3511
2.34291
2.35008
2.34394
2.34701
2.34598
2.34803
2.34394
2.34906
2.36442
2.37875
2.36442
2.37363
2.36237
2.36749
2.37056
2.36442
2.3593
2.36646
2.3593
2.36646
2.35827
2.3593
2.36442
2.36339
2.35725
2.36032
2.36954
2.3593
2.36339
2.36749
2.35827
2.36237
2.36544
2.36442
2.36339
2.36442
2.36339
2.36954
2.36339
2.36646
2.3849
2.36442
2.37568
2.36954
2.36237
2.37875
2.37158
2.35725
2.3593
2.3593
2.35725
2.37056
2.35827
2.36032
2.35725
2.3593
2.3593
2.36954
2.36339
2.35827
2.37056
2.36339
2.35622
2.36851
2.35827
2.36237
2.35827
2.36134
2.36032
2.36851
2.3593
2.36032
2.35725
2.36134
2.35622
2.35725
2.3552
2.35725
2.36032
2.35725
2.3593
2.3593
2.33882
2.34496
2.33574
2.33882
2.34189
2.34291
2.33574
2.33882
2.34394
2.33984
2.34291
2.34189
2.33779
2.33677
2.33574
2.34291
2.33984
2.34291
2.33882
2.33882
2.33574
2.33677
2.33779
2.34598
2.34189
2.33779
2.33472
2.33984
2.33472
2.34701
2.34394
2.33882
2.33472
2.33677
2.33574
2.33779
2.33574
2.33574
2.33677
2.33984
2.33779
2.34291
2.33882
2.34086
2.33574
2.33779
2.33472
2.33984
2.33267
2.33574
2.33165
2.33574
2.33677
2.34189
2.33165
2.33472
2.33267
2.3337
2.07155
2.0736
2.0695
2.07155
2.07053
2.07155
2.08282
2.07258
2.07155
2.0736
2.0695
2.07565
2.07053
2.07053
2.07258
2.08282
2.06848
2.07155
2.08282
2.06848
2.0695
2.0736
2.06643
2.0777
2.06746
2.0695
2.07974
1.50835
1.50323
1.50733
1.50323
1.5063
1.5063
1.50733
1.50938
1.50938
1.5104
1.51962
1.50426
1.50733
1.5145
1.5063
1.5063
1.50426
1.50426
1.18886
1.18477
1.18579
1.19091
1.18579
1.18579
1.18784
1.18374
1.18989
1.19501
1.18477
1.1817
1.18477
1.18272
1.18477
1.18477
1.18374
1.18374
1.18374
1.18067
1.18579
1.18886
1.18784
1.1817
1.18374
1.19603
1.18477
1.1817
1.18579
1.18784
1.32403
1.18886
1.18784
1.18272
1.19501
1.18067
1.18886
1.1817
1.18374
1.1817
1.18579
1.19091
1.1817
1.18374
1.19808
1.18989
1.18579
1.18579
1.19501
1.17965
1.18272
1.19808
1.18784
1.18067
1.18272
1.18067
1.18989
1.18272
1.18374
1.18067
1.18682
1.18272
1.18886
1.18477
1.18374
1.19194
1.18374
1.17965
1.18374
1.18067
1.1817
1.18272
1.18579
1.1817
1.1817
1.17965
1.18886
1.18682
1.18374
1.17862
1.18784
1.18067
1.18067
1.18067
1.18272
1.18784
0.596992
0.594944
0.59904
0.598016
0.59904
0.60416
0.612352
0.600064
0.601088
0.601088
0.598016
0.595968
0.598016
0.59392
0.59904
0.594944
0.595968
0.591872
0.621568
0.594944
0.595968
0.594944
0.59904
0.59392
0.598016
0.59392
0.59904
0.59904
0.601088
0.594944
0.600064
0.594944
0.596992
0.59392
0.6144
0.595968
0.594944
0.592896
0.59904
0.596992
0.594944
0.596992
0.607232
0.595968
0.596992
0.598016
0.596992
0.59904
0.594944
1.18067
1.1817
1.17862
1.20013
1.18682
1.18374
1.18374
1.18067
1.18272
1.18374
1.18784
1.18272
1.18579
1.18374
1.18272
1.1817
1.18272
1.1817
1.1817
1.18272
1.18067
1.18989
1.18374
1.18067
1.18067
1.18682
1.18067
1.18272
1.18374
1.18477
1.18682
1.1817
1.18477
1.19194
1.1817
1.18374
1.18272
1.18477
1.18374
1.18477
1.18374
1.19091
1.18477
1.1817
1.18067
1.18374
1.17965
1.18579
1.1817
1.18374
1.1817
1.18579
1.18272
1.18579
1.18682
1.19091
1.18272
1.19603
1.18579
1.18579
1.18989
1.19194
1.18477
1.18477
1.18272
1.18579
1.1817
1.18682
1.18374
1.18272
1.1817
1.1817
1.1817
1.18682
1.18477
1.18579
1.18272
1.21139
1.18682
1.20115
1.18272
1.18886
1.17965
1.18067
1.18682
1.18374
1.18579
1.18579
