1.69165
1.68035
1.67837
1.69264
1.69267
1.69677
1.6896
1.57491
1.55546
1.54624
1.56672
1.54726
1.54726
1.54522
1.54522
1.55136
1.55238
1.5657
1.54624
1.56877
1.55648
1.55443
1.55443
1.55853
1.55341
1.55546
1.54726
1.55136
1.55853
1.55648
1.56467
1.55136
1.55443
1.55443
1.54829
1.54931
1.54829
1.55136
1.55034
1.55136
1.55853
1.55034
1.55034
1.5575
1.54624
1.55238
1.54829
1.55648
1.55136
1.54726
1.55136
1.56058
1.55443
1.55238
1.55443
1.54931
1.55443
1.55853
1.5575
1.55034
1.55034
1.54829
1.55443
1.55034
1.55341
1.54419
1.55238
1.55648
1.55443
1.54829
1.55443
1.54419
1.54726
1.54829
1.54829
1.55238
1.54624
1.54624
1.54829
1.55136
1.55034
1.54726
1.55136
1.54931
1.54829
1.54829
1.54931
1.54624
1.54726
1.54624
1.54522
1.54931
1.55238
1.54829
1.54726
1.54522
1.55034
1.54419
1.54317
1.54419
1.54726
1.54931
1.55238
1.54726
1.54726
1.55136
1.54317
1.55034
1.54317
1.54726
1.54522
1.54829
1.54829
1.54624
1.54522
1.55443
1.54624
1.54931
1.55238
1.54829
1.54931
1.54829
1.54931
1.55443
1.55546
1.55034
1.54726
1.55341
1.55443
1.54829
1.54624
1.54931
1.55136
1.5575
1.55546
1.54726
1.54931
1.54931
1.54931
1.5575
1.55238
1.55136
1.54931
1.55034
1.55443
1.55136
1.54931
1.55034
1.54829
1.54931
1.55443
1.54419
1.55341
1.54317
1.54931
1.55235
1.55238
1.54624
1.56877
1.54726
1.55443
1.54624
1.54726
1.54931
1.54726
1.55546
1.55034
1.54726
1.55034
1.55136
1.55034
1.55443
1.54624
1.55136
1.55341
1.54726
1.55238
1.55136
1.54829
1.54829
1.54624
1.54931
1.55341
1.54931
1.55648
1.54931
1.54829
1.5575
1.54829
1.54829
1.55546
1.55136
1.55443
1.55546
1.55034
1.55034
1.55341
1.55546
1.5575
1.55443
1.55136
1.55034
1.54931
1.55341
1.55034
1.5575
1.55546
1.55341
1.55341
1.5616
1.55546
1.54726
1.54726
1.55034
1.55443
1.54624
1.56262
1.54726
1.54931
1.55546
1.55034
1.55034
1.54931
1.54726
1.55546
1.54931
1.54829
1.55341
1.54829
1.55034
1.54931
1.54522
1.55034
1.53088
1.52883
1.53907
1.52986
1.52986
1.53907
1.52883
1.53293
1.52883
1.52576
1.52986
1.536
1.5319
1.53293
1.53498
1.54522
1.5319
1.53702
1.53498
1.53293
1.54419
1.53805
1.55136
1.54624
1.5401
1.54112
1.54214
1.53702
1.54214
1.54419
1.54112
1.55136
1.54317
1.53702
1.54214
1.53702
1.54419
1.54419
1.53805
1.53702
1.52986
1.5319
1.536
1.53088
1.53805
1.53395
1.53088
1.53395
1.5319
1.53293
1.53395
1.5401
1.53702
1.53907
1.53498
1.5319
1.536
1.52371
1.52576
1.52371
1.52576
1.52474
1.52883
1.52166
1.52166
1.52371
1.52166
1.52269
1.5319
1.52474
1.52166
1.52883
1.52474
1.51962
1.52678
1.55341
1.55341
1.55443
1.55136
1.55034
1.55443
1.55341
1.56262
1.55546
1.55341
1.55136
1.55238
1.55341
1.55238
1.55034
1.55341
1.54931
1.55443
1.54419
1.54112
1.54112
1.54112
1.54214
1.54829
1.53805
1.54112
1.5401
1.54112
1.54214
1.53907
1.54419
1.54214
1.54419
1.54112
1.54726
1.5401
1.54522
1.52883
1.52986
1.53088
1.52678
1.52986
1.54214
1.53088
1.53088
1.53088
1.52883
1.53498
1.52883
1.54214
1.52986
1.52883
1.52883
1.53088
1.52781
1.54214
1.82579
1.82784
1.82477
1.83091
1.82579
1.82989
1.82374
1.82272
1.82173
1.82682
1.82886
1.82067
1.82374
1.83194
1.82886
1.82784
1.82477
1.83296
1.83296
1.82784
1.83603
1.82579
1.84422
1.85037
1.85139
1.84832
1.8473
1.8473
1.84832
1.84627
1.85446
1.85139
1.85344
1.84832
1.8473
1.84627
1.84934
1.8473
1.84627
1.85651
1.8473
1.8473
1.84832
1.8432
1.8473
1.85139
1.84525
1.84525
1.84218
1.84422
1.8432
1.84627
1.85037
1.84525
1.84525
1.84525
1.84627
1.84627
1.8432
1.84013
1.84115
1.8391
1.84218
1.84218
1.8432
1.84627
1.8432
1.84013
1.85139
1.84115
1.84115
1.8432
1.84013
1.8432
1.8391
1.84934
1.8432
1.84525
1.85139
1.84218
1.8391
1.8473
1.83501
1.83603
1.84218
1.83398
1.83603
1.83501
1.83706
1.83603
1.83706
1.84115
1.83603
1.83808
1.83501
1.8432
1.83501
1.84013
1.84013
1.84218
1.84218
1.85139
1.83706
1.8391
1.83398
1.83706
1.8432
1.83603
1.85446
1.83296
1.83501
1.8401
1.83603
1.83603
1.84013
1.83808
1.83706
1.83501
1.83501
1.83398
1.85037
1.83706
1.83706
1.84013
1.8391
1.83501
1.84422
1.83706
1.83501
1.8432
1.83706
1.83603
1.83808
1.83296
1.83501
1.8391
1.83603
1.83501
1.84525
1.83194
1.83808
1.83091
2.09715
2.10022
2.09715
2.0992
2.10227
2.0992
2.0992
2.10432
2.0951
2.0992
2.1033
2.10432
2.09715
2.1033
2.10227
2.09715
2.09818
2.0992
2.09715
2.09613
2.10432
2.09613
2.11763
2.10022
2.0992
2.10534
2.10944
2.10534
2.10637
2.10022
2.1033
2.10637
2.10227
2.10534
2.10022
2.10637
2.1033
2.10227
2.1033
2.10125
2.10125
2.11149
2.10637
2.11763
2.10842
2.10739
2.11354
2.10739
2.10637
2.10842
2.10739
2.10842
2.11456
2.10432
2.10739
2.10227
2.10125
2.10432
2.11354
2.10432
2.10637
2.10125
2.10739
2.10227
2.1033
2.11149
2.10842
2.11558
2.11149
2.10534
2.11558
2.11149
2.1033
2.10842
2.11251
2.11046
2.11149
2.10842
2.11046
2.10842
2.11661
2.10944
2.12787
2.11456
2.10842
2.10842
2.11149
2.10944
2.11354
2.1248
2.11354
2.11149
2.11149
2.11149
2.11251
2.11046
2.10842
2.11558
2.11046
2.11046
2.11046
2.10944
2.11251
2.11251
2.10842
2.11149
2.10944
2.11968
2.11763
2.11354
2.11149
2.11763
2.12275
2.11354
2.11251
2.1248
2.11046
2.10944
2.11763
2.10944
2.10842
2.12582
2.10739
2.10944
2.10944
2.10739
2.10944
2.10842
2.10432
2.11661
2.1033
2.10432
2.10534
2.10227
2.11149
2.10432
2.10637
2.10227
2.10227
2.10637
2.10227
2.0992
2.10125
2.0992
2.10227
2.11046
2.10022
2.10227
2.0992
2.10022
2.10842
2.09818
2.09818
2.0951
2.09818
2.09613
2.10022
2.09715
2.09715
2.09306
2.10022
2.09715
2.10022
1.83706
1.84422
1.83501
1.84115
1.83398
1.83603
1.84422
1.84115
1.83808
1.8432
1.83398
1.8391
1.82784
1.8217
1.82682
1.82477
1.82682
1.82477
1.82579
1.83296
1.82067
1.81965
1.8217
1.82272
1.83398
1.82374
1.82374
1.82579
1.82477
1.82374
1.82579
1.82067
1.82272
1.82374
1.82272
1.82579
1.82272
1.82067
1.81862
1.81146
1.81453
1.81658
1.81043
1.8135
1.81862
1.81453
1.81248
1.80838
1.8176
1.81043
1.80941
1.8176
1.81043
1.80122
1.80941
1.80326
1.80429
1.80531
1.80122
1.80224
1.80122
1.81146
1.81555
1.81862
1.8135
1.82067
1.81146
1.82477
1.81146
1.8135
1.8135
1.22266
1.22061
1.22266
1.22163
1.22266
1.23494
1.22266
1.22266
1.22573
1.21139
1.21139
1.22266
1.21242
1.21139
1.21446
1.21344
1.21344
1.22163
1.21344
1.19706
1.2032
1.19706
1.1991
1.20013
1.1991
1.20218
1.20934
1.19296
1.20832
1.19603
1.19603
1.20013
1.2032
1.19706
1.21549
1.19603
1.19706
1.19706
1.1991
1.19603
1.20013
1.2032
1.20218
1.1991
1.21139
1.19706
1.20013
1.20013
1.20013
1.20013
1.2032
1.1991
1.2073
1.1991
1.20013
1.21446
1.1991
1.20218
1.20115
1.20115
1.2032
1.21037
1.19706
1.2032
1.20422
1.2073
1.21651
1.2073
1.21139
1.21242
1.21037
1.21754
1.2073
1.20627
1.21344
1.21344
1.21139
1.21242
1.20115
1.20422
1.20627
1.20832
1.21344
1.20934
1.20627
1.20627
1.21139
1.20934
1.2073
1.21139
1.21344
1.2073
1.21549
1.21139
1.21958
1.21344
1.21242
1.21344
1.21651
1.21958
1.22573
1.21754
1.23699
1.23392
1.24109
1.2247
1.2329
1.22982
1.22675
1.22266
1.22982
1.23904
1.23904
1.24109
1.23392
1.23085
1.21446
1.21139
1.21446
1.50835
1.5063
1.51859
1.22368
1.22368
1.21754
1.21549
1.21549
1.5104
1.50733
1.51654
1.5104
1.50835
1.51859
1.51552
1.52883
1.52474
1.52269
1.52269
1.52576
1.51347
1.51757
1.52576
1.51552
1.52166
1.51654
1.51962
1.52576
1.51859
1.52166
1.52576
1.52064
1.52678
1.52064
1.52269
1.52166
1.51859
1.52678
1.52883
1.52986
1.52678
1.52371
1.52781
1.52986
1.5319
1.52986
1.53702
1.53498
1.53907
1.53498
1.53498
1.54726
1.53805
1.55034
1.55034
1.53702
1.536
1.54419
1.55136
1.54931
1.55853
1.54419
1.54317
1.54931
1.53702
1.54112
1.53907
1.53702
1.53498
1.53702
1.53395
1.54112
1.54419
1.54214
1.55136
1.54726
1.54419
1.54726
1.55341
1.54419
1.54829
1.55238
1.54522
1.54624
1.55443
1.55034
1.54522
1.54112
1.5401
1.5401
1.54214
1.54522
1.54624
1.54522
1.54931
1.53805
1.54214
1.5401
1.5401
1.53907
1.54726
1.54419
1.54829
1.53805
1.536
1.53088
1.53293
1.5319
1.53702
1.55034
1.52781
1.5319
1.53395
1.53088
1.53498
1.53498
1.53293
1.53395
1.52781
1.53498
1.536
1.53805
1.5319
1.53293
1.52986
1.5319
1.53907
1.54214
1.53293
1.536
1.54522
1.55034
1.54931
1.55443
1.54112
1.54726
1.54317
1.55238
1.54522
1.54931
1.54317
1.54214
1.54112
1.54214
1.55034
1.54112
1.54317
1.54419
1.54419
1.54317
1.54317
1.5401
1.54112
1.5401
1.54214
1.54419
1.54726
1.54419
1.54726
1.54112
1.54522
1.5401
1.54112
1.5401
1.54624
1.54317
1.54112
1.54829
1.54726
1.54317
1.54931
1.54419
1.54931
1.54214
1.54214
1.52678
1.52474
1.51654
1.51757
1.51859
1.52576
1.52678
1.52576
1.53395
1.52678
1.53293
1.52883
1.52781
1.5401
1.53088
1.52576
1.52576
1.5401
1.53805
1.5401
1.53907
1.53702
1.54112
1.53702
1.54419
1.54112
1.54112
1.54112
1.54317
1.52576
1.52678
1.52678
1.52678
1.52986
1.52781
1.5319
1.53498
1.52781
1.53907
1.52576
1.52576
1.52781
1.54317
1.53088
1.52781
1.52474
1.52576
1.53088
1.52474
1.52781
1.52781
1.53293
1.52781
1.52986
1.53293
1.52678
1.52474
1.52678
1.52064
1.52678
1.52474
1.52269
1.52166
1.52064
1.52269
1.52474
1.51962
1.52269
1.52371
1.52166
1.53395
1.52474
1.52269
1.52269
1.52269
1.52064
1.52371
1.51962
1.52166
1.51859
1.53395
1.52269
1.52064
1.52781
1.52269
1.51962
1.51654
1.50426
1.5063
1.5063
1.50323
1.50426
1.5063
1.50118
1.5063
1.50221
1.50221
1.51142
1.50426
1.5063
1.50528
1.50323
1.50733
1.50528
1.50733
1.50016
1.50118
1.50528
1.51654
1.5145
1.5145
1.52269
1.5145
1.52269
1.51654
1.51552
1.52576
1.51962
1.52166
1.52474
1.51552
1.51859
1.51757
1.52064
1.52269
1.51962
1.5104
1.5063
1.5104
1.50733
1.50733
1.49709
1.48992
1.49197
1.49811
1.48787
1.49197
1.49094
1.48992
1.49504
1.49299
1.4889
1.49299
1.4889
1.49094
1.49299
1.4889
1.49197
1.49606
1.49709
1.49709
1.49402
1.49914
1.49299
1.49402
1.49299
1.50221
1.49094
1.49811
1.48992
1.48992
1.49402
1.49299
1.50118
1.49197
1.49094
1.49402
1.49299
1.49094
1.49094
1.4889
1.50426
1.49197
1.50016
1.49299
1.48685
1.48787
1.4889
1.75104
1.7664
1.75206
1.75002
1.75821
1.75002
1.75104
1.76435
1.75309
1.75309
1.76845
1.76026
1.76128
1.75923
1.76128
1.7623
1.76435
1.76128
1.76333
1.76845
1.76845
1.75616
1.76742
1.76026
1.75718
1.76333
1.76026
1.76026
1.75821
1.75514
1.76333
1.76538
1.75923
1.75821
1.7623
1.75821
1.76128
1.75718
1.75718
1.75514
1.75411
1.75616
1.75821
1.7623
1.75514
1.75923
1.75718
1.75718
1.75411
1.75718
1.75821
1.75411
1.75718
1.75718
1.75514
1.7664
1.75514
1.75821
1.76538
1.75309
1.76026
1.75514
1.75821
1.75923
1.75821
1.75718
1.76435
1.75616
1.76026
1.76333
1.75514
1.75821
1.75718
1.76947
1.75821
1.75616
1.75923
1.75718
1.76333
1.76128
1.75923
1.76128
1.75923
1.75616
1.7664
1.75821
1.75309
1.75206
1.75616
1.75411
1.75718
1.75002
1.77971
1.76947
1.7705
1.77357
1.77152
1.77152
1.77254
1.76947
1.78176
1.77357
1.76845
1.76742
1.77766
1.77357
1.76947
1.76947
1.76845
1.77562
1.77357
1.75309
1.75002
1.75206
1.75206
1.75002
1.75104
1.75002
1.74797
1.75104
1.74899
1.76742
1.7664
1.7623
1.76538
1.76435
1.76947
1.7664
1.77562
1.76538
1.7664
1.7705
1.76845
1.76538
1.76128
1.7705
1.76333
1.7664
1.7664
1.76333
1.7664
1.76538
1.7623
1.76947
1.76742
1.76435
1.76538
1.7664
1.77459
1.76333
1.75923
1.76435
1.75821
1.77869
1.77766
1.77562
1.77766
1.77562
1.77869
1.78074
1.77664
1.77664
1.77562
1.78074
1.77766
1.77664
1.77459
1.75104
1.75002
1.75309
1.75616
1.75104
1.75309
1.75821
1.75104
1.75309
1.75002
1.75616
1.75104
1.75002
2.37466
2.37158
2.36339
2.36646
2.36339
2.36646
2.36442
2.36544
2.36851
2.36032
2.3593
2.36237
2.35827
2.3593
2.36646
2.3593
2.36237
2.36032
2.35827
2.36032
2.35725
2.36544
2.36749
2.35315
2.35622
2.35418
2.35725
2.35725
2.36237
2.36237
2.36032
2.36032
2.35418
2.35725
2.35213
2.35213
2.3511
2.3552
2.35315
2.34803
2.35008
2.35213
2.34701
2.34906
2.34701
2.34906
2.35213
2.35008
2.35213
2.34906
2.35008
2.34906
2.3511
2.35008
2.3511
2.34906
2.3511
2.34803
2.34906
2.35213
2.34806
2.3552
2.35213
2.35008
2.35315
2.34906
2.34598
2.34803
2.34906
2.35315
2.34803
2.34598
2.34906
2.35213
2.33062
2.33165
2.33062
2.3296
2.34291
2.3296
2.33472
2.3296
2.33574
2.33062
2.3296
2.33062
2.33984
2.32858
2.3296
2.32653
2.32858
2.33165
2.32755
2.3296
2.3337
2.32858
2.33165
2.32858
2.32858
2.33062
2.32858
2.33472
2.33165
2.33574
2.3296
2.32755
2.32858
2.33062
2.32755
2.33062
2.3296
2.32653
2.33267
2.32755
2.32755
2.3296
2.32858
2.33165
2.33062
2.33062
2.3296
2.32858
2.32346
2.3255
2.32653
2.33062
2.32448
2.32346
2.32653
2.32243
2.32346
2.3255
1.7623
1.7664
1.76538
1.76845
1.76435
1.7623
1.7623
1.7664
1.76026
1.77357
1.76538
1.76128
1.76538
1.76128
1.76026
1.7623
1.76128
1.76435
1.76538
1.75821
1.77152
1.7623
1.76128
1.76333
1.75923
1.78688
1.76128
1.20525
1.20422
1.19808
1.19603
1.20525
1.20115
1.2032
1.20627
1.2032
1.1991
1.21344
1.2073
1.20013
1.2032
1.20525
1.19808
1.20832
1.21037
1.18886
1.20627
1.19091
1.18784
1.19808
1.19091
1.18784
1.19603
1.18989
1.18784
1.20115
1.19091
1.18886
1.18682
1.19194
1.18682
1.20422
1.18579
1.19808
1.18272
1.18682
1.18579
1.18682
1.18989
1.19501
1.19296
1.18682
1.18579
1.19501
1.18477
1.18989
1.18886
1.18477
1.18579
1.18784
1.18579
1.19501
1.18682
1.19398
1.18579
1.18989
1.19296
1.19706
1.18579
1.18886
1.18579
1.18784
1.18886
1.18886
1.1817
1.18989
1.18477
1.18886
1.20013
1.18477
1.18579
1.18374
1.18886
1.18579
1.18682
1.18886
1.18682
1.19194
1.19091
1.18374
1.18477
1.18579
1.18579
1.19194
1.18579
1.18477
1.19296
1.18579
1.18579
1.18886
1.18477
1.19296
1.19091
1.18374
1.18579
1.18579
1.1817
1.18682
1.18374
1.18579
1.19603
0.594944
0.602112
0.592896
0.600064
0.595968
0.60416
0.603136
0.59392
0.592896
0.605184
0.592896
0.59904
0.596992
0.594944
0.594944
0.60416
0.596992
0.594944
0.602112
0.595968
0.594944
0.60928
0.596992
0.59904
0.591872
0.59904
0.59392
0.59392
0.596992
0.596992
0.602112
0.596992
0.594944
0.598016
0.59904
0.601088
0.602112
0.592896
0.596992
0.600064
0.59904
0.59904
0.59392
0.591872
0.605184
0.59392
0.603136
0.59904
0.59904
1.18477
1.18374
1.18272
1.18886
1.19398
1.19296
1.18579
1.18579
1.19398
1.18477
1.18477
1.18477
1.18579
1.18886
1.18886
1.18682
1.19194
1.19091
1.18579
1.18784
1.18886
1.18579
1.19808
1.18682
1.18886
1.19194
1.18579
1.18784
1.18784
1.18886
1.18886
1.19808
1.18682
1.18579
1.19296
1.18989
1.18784
1.19296
1.18477
1.18989
1.19398
1.18272
1.18272
1.18579
1.19296
1.19091
1.18886
1.18477
1.18374
1.18477
1.18682
1.19194
1.18374
1.18579
1.18682
1.18477
1.19398
1.19091
1.19091
1.18477
1.18477
1.18886
1.18579
1.19296
1.18477
1.18784
1.18579
1.18886
1.18682
1.19808
1.18784
1.18374
1.18886
1.18579
1.18579
1.19603
1.18682
1.18682
1.18886
1.18272
1.19296
1.18374
1.18374
1.18682
1.18477
1.18579
1.18682
1.18477
1.18784
