0.47312
0.467936
0.465888
0.463872
0.466944
0.465952
0.466944
0.46384
0.468992
0.465952
0.466944
0.467968
0.464928
0.464896
0.465952
0.472064
0.466944
0.463904
0.470048
0.466912
0.465888
0.477152
0.465888
0.464896
0.471072
0.464896
0.465952
0.466944
0.466944
0.46592
0.466944
0.464896
0.466944
0.468
0.467936
0.464928
0.468992
0.470048
0.466944
0.468992
0.471008
0.464928
0.471008
0.468992
0.466944
0.463872
0.466944
0.468
0.46592
0.46384
0.471072
0.464896
0.466944
0.465952
0.464896
0.465952
0.468992
0.463872
0.47104
0.465952
0.466944
0.471008
0.468
0.466944
0.467936
0.465888
0.467936
0.468
0.470016
0.466944
0.466944
0.470016
0.466944
0.466944
0.46896
0.466944
0.470016
0.464896
0.474112
0.464896
0.464896
0.465888
0.466944
0.464864
0.466944
0.463872
0.46592
0.464896
0.465952
0.466944
0.46384
0.467936
0.466912
0.466944
0.465888
0.470016
0.464896
0.466944
0.468
0.46384
0.468
0.466944
0.468992
0.466944
0.471072
0.473056
0.464928
0.581632
0.580608
0.57856
0.580608
0.587776
0.580608
0.585696
0.583712
0.579584
0.589824
0.58576
0.581632
0.579584
0.580608
0.580576
0.579584
0.584704
0.582656
0.578528
0.5816
0.581632
0.58064
0.583648
0.5816
0.583712
0.581632
0.583648
0.58368
0.580608
0.580576
0.579584
0.580608
0.58368
0.582656
0.579584
0.583712
0.58368
0.58064
0.58576
0.580576
0.585728
0.587744
0.580608
0.581632
0.57856
0.581632
0.578528
0.5816
0.583712
0.581632
0.586752
0.584704
0.58064
0.580576
0.584736
0.58368
0.581664
0.583712
0.584704
0.582688
0.582688
0.580608
0.582656
0.584704
0.583648
0.592928
0.578592
0.583648
0.5816
0.581664
0.588832
0.583712
0.577536
0.584704
0.580576
0.581632
0.583648
0.58576
0.579552
0.59184
0.581632
0.579584
0.581664
0.582656
0.582656
0.5816
0.5816
0.58064
0.580576
0.578528
0.580576
0.584736
0.579616
0.583712
0.587776
0.585696
0.590816
0.579616
0.581664
0.582656
0.583712
0.58064
0.584704
0.580576
0.581632
0.582656
0.57856
0.595968
0.58064
0.59088
0.586752
0.581632
0.582656
0.580608
0.579584
0.582656
0.581664
0.591872
0.581632
0.587776
0.578592
0.5816
0.580576
0.588832
0.581632
0.584704
0.58064
0.582656
0.585696
0.580608
0.581664
0.5816
0.5816
0.582624
0.585728
0.582656
0.587776
0.58064
0.58064
0.582624
0.584736
0.580608
0.580608
0.585728
0.58064
0.579616
0.584704
0.584704
0.582656
0.579584
0.583712
0.579584
0.579584
0.5816
0.586752
0.58064
0.58672
0.58576
0.582656
0.580576
0.581632
0.689152
0.688128
0.702464
0.690176
0.684064
0.684032
0.689152
0.684032
0.688128
0.794624
0.469024
0.464864
0.466976
0.464896
0.470016
0.471072
0.472064
0.464928
0.465952
0.468992
0.464896
0.463872
0.469024
0.466944
0.465888
0.464864
0.471008
0.468
0.46896
0.466944
0.465952
0.467936
0.466944
0.463872
0.465888
0.46592
0.46592
0.465952
0.468992
0.464864
0.464896
0.465888
0.464896
0.468
0.471008
0.46592
0.47312
0.47616
0.466976
0.468992
0.465888
0.465888
0.464864
0.468
0.465888
0.464896
0.466944
0.467936
0.471008
0.473088
