1.72342
1.69882
1.70496
1.55955
1.68755
1.5401
1.54419
1.54829
1.70803
1.54624
1.70701
1.54624
1.68858
1.54931
1.68653
1.5575
1.69267
1.54624
1.69472
1.54726
1.69677
1.55034
1.54829
1.55546
1.54829
1.56467
1.55238
1.55034
1.55238
1.54419
1.65786
1.55443
1.54829
1.54726
1.68755
1.54829
1.70086
1.54522
1.64147
1.55443
1.71213
1.54829
1.69062
1.56058
1.54931
1.54522
1.55955
1.55341
1.68858
1.55853
1.69165
1.55648
1.69984
1.54726
1.69574
1.54931
1.69779
1.55546
1.69779
1.54931
1.69882
1.5401
1.70803
1.54829
1.70496
1.54522
1.6896
1.54624
1.69574
1.54522
1.70701
1.55238
1.70394
1.54829
1.71213
1.54624
1.70496
1.54522
1.69062
1.54726
1.6937
1.54931
1.70496
1.54726
1.69062
1.54624
1.68858
1.54624
1.70701
1.55443
1.6855
1.5575
1.70806
1.55034
1.71213
1.536
1.71008
1.54214
1.67936
1.55136
1.6896
1.54931
1.70701
1.55443
1.70496
1.54726
1.7152
1.54829
1.71008
1.54522
1.70598
1.54726
1.71418
1.55341
1.6896
1.5401
1.7111
1.536
1.70086
1.54419
1.70394
1.53805
1.70189
1.53702
1.70291
1.53702
1.70803
1.53907
1.69267
1.53805
1.70803
1.54112
1.70086
1.536
1.70496
1.5401
1.70598
1.54624
1.6855
1.54829
1.70291
1.54317
1.70086
1.54624
1.70291
1.54214
1.71418
1.54112
1.71213
1.53498
1.55034
1.54214
1.67629
1.54112
1.69984
1.54624
1.70496
1.54317
1.69062
1.54522
1.70394
1.55341
1.69267
1.54419
1.72134
1.54522
1.7152
1.54624
1.70701
1.54931
1.71315
1.54829
1.7152
1.54317
1.69062
1.54726
1.69882
1.54829
1.70496
1.54931
1.71622
1.54522
1.7111
1.54726
1.71213
1.55341
1.69472
1.54931
1.70394
1.54624
1.6937
1.55136
1.70496
1.54624
1.70291
1.54624
1.70394
1.54829
1.68448
1.54829
1.70496
1.54317
1.70701
1.55238
1.69882
1.54522
1.69779
1.55238
1.71008
1.55341
1.69574
1.54624
1.69574
1.55034
1.69677
1.55341
1.69984
1.55034
1.70291
1.53907
1.6855
1.54317
1.68448
1.5401
1.69574
1.55853
1.69882
1.5401
1.68141
1.53907
1.69062
1.54624
1.6896
1.55238
1.69267
1.54317
1.70598
1.54829
1.68755
1.54522
1.69062
1.54726
1.69267
1.54522
1.69472
1.54522
1.70086
1.55034
1.6896
1.54624
1.70598
1.54419
1.69574
1.54522
1.6896
1.54624
1.68858
1.54829
1.70086
1.53907
1.69267
1.54214
1.69165
1.54419
1.69267
1.54214
1.68448
1.54522
1.69779
1.54624
1.69574
1.54419
1.68858
1.5401
1.54214
1.54522
1.68243
1.54419
1.69062
1.54931
1.68653
1.56058
1.69165
1.54112
1.69165
1.53805
1.68755
1.54522
1.69574
1.54931
1.68653
1.54522
1.69472
1.5401
1.6896
1.54522
1.68346
1.54419
1.68858
1.54726
1.69472
1.54829
1.69267
1.54419
1.69472
1.53805
1.68448
1.53702
1.6855
1.53702
1.69472
1.55238
1.69472
1.54829
1.54522
1.53805
1.68346
1.53805
1.68141
1.53907
1.68755
1.5401
1.67936
1.536
1.68448
1.5401
1.68038
1.53907
1.68858
1.5401
1.68243
1.53805
1.69267
1.53702
1.69984
1.55443
1.70906
1.54522
1.69779
1.81043
2.04288
1.81555
2.0439
1.80531
2.0521
1.81043
2.04595
1.80838
2.03776
1.80736
2.0521
1.81146
2.04186
1.8176
2.04288
1.81146
2.05107
1.81248
2.05312
1.82477
2.05517
1.81658
2.04698
1.81965
2.048
1.8135
2.05107
1.81248
2.03776
1.8217
2.04288
1.81043
2.06234
1.81453
2.05005
1.81453
2.03264
1.80941
1.90054
1.81248
2.04493
1.81453
2.048
1.81043
2.0439
1.8135
2.04493
1.80838
2.05107
1.82374
1.90464
1.82579
2.06336
1.82374
2.0521
1.8217
1.90566
1.8217
2.0695
1.81658
2.05414
1.82374
2.0439
1.81862
2.04493
1.82067
2.06029
1.82272
2.0521
1.82272
2.06234
1.8217
2.05414
1.82678
2.04595
1.8176
2.04186
1.82272
2.04288
1.81555
2.04902
1.83194
2.06234
1.81555
2.04493
1.81146
2.05414
1.81146
2.05414
1.81146
2.04493
1.80941
2.0521
1.80838
2.03674
1.80736
2.04902
1.80531
2.04493
1.80224
1.88928
1.79917
2.04083
1.80941
2.02854
1.79917
2.02957
1.80531
1.68141
1.54522
1.6896
1.5401
1.70598
1.54112
1.69165
1.54522
1.68243
1.52678
1.68653
1.5319
1.68653
1.53088
1.68141
1.52678
1.67731
1.52474
1.6855
1.52371
1.6855
1.52064
1.68858
1.5319
1.68346
1.51654
1.66195
1.5145
1.6599
1.5145
1.67731
1.51654
1.68243
1.52166
1.6599
1.51552
1.66298
1.50733
1.65683
1.52166
1.66298
1.51552
1.65478
1.51347
1.67731
1.51962
1.66707
0.922624
0.925696
0.927744
0.924672
0.918528
0.92672
0.920576
0.91648
0.922624
0.910336
0.915456
0.917504
0.919552
0.912384
0.918528
0.920576
0.918528
0.9216
0.925696
0.919552
0.909312
0.908288
0.915456
0.914432
0.915456
0.912384
0.91136
0.915456
0.90624
0.912384
0.91136
0.909312
0.907264
0.908288
0.907264
0.907264
0.91136
0.913408
0.904192
0.910336
0.909312
0.90624
0.909312
0.905216
0.912384
0.90624
0.913408
0.919552
1.08134
0.907264
0.910336
0.91136
0.915456
0.91648
0.913408
0.928768
0.907264
0.915456
0.909312
0.91648
0.909312
0.910336
0.912384
0.914432
0.925696
1.08339
0.92672
1.09261
0.914432
1.06291
0.917504
1.09568
0.912384
1.11002
0.92672
1.08646
0.927744
1.0967
0.920576
1.10592
0.928768
1.09261
0.929792
1.10285
1.52678
1.67526
0.934912
1.08237
0.927744
1.09978
1.52269
1.66605
1.52269
1.67219
1.52678
1.67936
1.53088
1.67629
1.52986
1.67219
1.53293
1.54112
1.53702
1.56058
1.52678
1.67219
1.52883
1.6681
1.52576
1.67526
1.52986
1.67936
1.53907
1.67936
1.536
1.68448
1.53498
1.69677
1.54112
1.68858
1.54112
1.54112
1.54112
1.68141
1.55238
1.70496
1.54317
1.70701
1.54112
1.69574
1.54829
1.70701
1.54624
1.69677
1.54624
1.69472
1.54624
1.68755
1.54419
1.6896
1.54931
1.69779
1.54214
1.69882
1.5401
1.68653
1.54214
1.68755
1.53702
1.68346
1.53907
1.68038
1.53907
1.6855
1.54317
1.67629
1.53907
1.68346
1.53293
1.67936
1.536
1.68653
1.5401
1.68038
1.54317
1.68653
1.536
1.67629
1.536
1.69267
1.53805
1.68653
1.54419
1.67731
1.53805
1.68038
1.54112
1.68141
1.54214
1.70394
1.5401
1.68346
1.53907
1.68755
1.54214
1.6896
1.53293
1.69472
1.536
1.6937
1.53907
1.67731
1.53498
1.68141
1.53702
1.69677
1.53702
1.69779
1.53702
1.70803
1.53498
1.70701
1.52269
1.69062
1.52781
1.67834
1.52576
1.68448
1.52576
1.68858
1.53088
1.67526
1.53392
1.53805
1.52986
1.67526
1.52781
1.6681
1.52678
1.67117
1.52576
1.53088
1.52986
1.5319
1.52474
1.68448
1.52781
1.52883
1.52474
1.52986
1.52371
1.664
1.52883
1.68038
1.52678
1.68448
1.53395
1.664
1.52883
1.53395
1.5319
1.6681
1.53293
1.53498
1.52883
1.5319
1.53907
1.536
1.53805
1.69779
1.5319
1.68858
1.536
1.68448
1.536
1.67834
1.53088
1.67936
1.50733
1.67117
1.51142
1.65478
1.51962
1.67834
1.51347
1.67834
1.51142
1.67526
1.5145
1.67526
1.50938
1.65888
1.5063
1.67219
1.51552
1.67014
1.51552
1.67526
1.52474
1.68448
1.51757
1.6896
1.51962
1.65888
1.52576
1.6425
1.5104
1.67424
1.50221
1.664
1.50118
1.50323
1.5104
1.65171
1.50323
1.64557
1.50323
1.66195
1.50426
1.664
1.50733
1.67526
1.50733
1.68243
1.50323
1.65581
1.50323
1.67526
1.50938
1.66298
1.50938
1.66093
1.50221
1.67526
1.50221
1.66707
1.5063
1.66912
1.50938
1.66298
1.76435
2.00499
1.7623
2.0009
1.76538
2.00909
1.76538
2.00602
1.76333
2.0009
1.7623
2.00909
1.76742
2.00192
1.76538
1.9927
1.76435
2.0009
1.76742
1.99782
1.76435
2.01421
1.76538
2.01626
1.76538
1.99373
1.75923
1.99987
1.76538
1.9927
1.76128
2.01114
1.76128
2.01114
1.75821
2.00602
1.75923
1.99066
1.7623
1.9927
1.75616
1.99475
1.75514
2.01626
1.75206
1.98758
1.76128
1.97939
1.75616
1.99578
1.75514
2.00397
1.75309
2.00294
1.75718
2.00192
1.76538
2.01626
1.75718
2.00909
1.75718
1.91386
1.76947
2.01933
1.77254
2.01523
1.77254
2.01011
1.7623
2.00704
1.76845
2.00806
1.76538
2.00704
1.75309
1.98861
1.75002
1.9927
1.75104
1.99168
1.77664
2.00602
1.76538
1.98861
1.76026
2.00704
1.76333
2.00806
1.7623
2.0009
1.76128
2.01933
1.76026
2.00397
1.76435
2.02342
1.76845
2.00397
1.76026
2.0183
1.75718
2.01626
1.78381
2.03469
1.79405
2.01728
1.78893
2.0183
1.77664
2.02854
1.77664
2.00294
1.75616
2.00499
1.75514
2.00397
1.75309
2.00909
1.75104
1.98861
1.75616
2.01114
1.75514
2.00806
1.75309
1.9968
1.74797
2.00192
1.75206
2.00192
1.75718
1.99373
1.75309
1.98349
1.74797
1.97427
1.74694
1.97939
1.74899
1.9712
1.74694
2.0009
1.7449
1.99578
1.74899
1.99066
1.75104
1.97837
1.75514
1.98554
1.75411
1.98554
1.75206
1.98451
1.75514
1.98554
1.74899
1.98246
1.74387
1.9712
1.75002
1.9712
1.74387
1.97632
1.7449
2.00909
1.7449
2.00909
1.74797
1.9497
1.72442
1.96915
1.72442
1.9671
1.72442
1.96608
1.72442
1.72749
1.72442
1.97222
1.72442
1.98042
1.72237
1.96915
1.72544
1.95686
1.72749
1.97734
1.72237
1.97427
1.72339
1.95482
1.72442
1.97222
1.72339
1.9497
1.72442
1.96813
1.72339
1.96301
1.72134
1.85549
1.72237
1.95686
1.7193
1.95686
1.71827
1.86266
1.45818
1.48787
1.4592
1.48685
1.46534
1.46534
1.45715
1.47763
1.46022
1.49402
1.46125
1.47354
1.45306
1.46534
1.4551
1.46739
1.47866
1.45715
0.89088
0.900096
0.891904
0.891904
0.893952
0.892928
0.893952
0.899072
0.899072
0.888832
0.893952
0.893952
0.892928
0.897024
0.894976
0.89088
0.896
0.889856
0.904192
0.894976
0.898048
0.892928
0.984064
0.886784
0.898048
0.912384
0.88576
0.887808
0.982016
0.889856
0.888832
0.975872
0.887808
0.89088
1.03731
0.899072
0.896
0.893952
0.886784
0.884736
0.903168
0.886784
0.89088
0.903168
0.891904
0.887808
1.0281
0.888832
0.886784
0.888832
0.893952
0.88576
0.974848
0.889856
0.88576
1.04346
0.887808
0.896
0.984064
0.899072
0.89088
1.0455
0.886784
0.887808
0.980992
0.899072
0.888832
0.891904
0.886784
0.898048
1.03526
0.886784
0.888832
1.03424
0.886784
0.887808
1.03014
0.897024
0.59904
0.771072
0.590848
0.589824
0.602112
0.59392
0.590848
0.763904
0.5888
0.591872
0.776192
0.594944
0.590848
0.780288
0.5888
0.59392
0.761856
0.589824
0.590848
0.777216
0.592896
0.592896
0.749568
0.600064
0.5888
0.76288
0.594944
0.592896
0.764928
0.594944
0.5888
0.772096
0.591872
0.589824
0.759808
0.590848
0.898048
1.04653
0.889856
0.89088
1.024
0.881664
0.886784
1.03219
0.888832
0.893952
1.03322
0.888832
0.883712
1.04346
0.898048
0.88576
1.04448
0.887808
0.889856
0.902144
0.886784
0.88576
1.02707
0.898048
0.887808
0.98816
0.889856
0.886784
1.03424
0.887808
0.899072
0.898048
0.904192
0.897024
0.888832
0.888832
0.884736
0.89088
0.888832
0.90112
0.891904
0.886784
0.886784
0.893952
0.89088
0.886784
1.04141
0.892928
0.887808
0.899072
0.899072
0.897024
0.887808
0.887808
0.889856
0.897024
0.888832
0.887808
0.896
0.889856
0.886784
0.891904
0.88576
0.88576
0.99328
0.886784
0.888832
