2.01827
2.0224
2.27126
2.03875
2.26512
2.01318
2.02035
2.02752
2.0193
2.0152
1.84934
1.8473
2.00806
1.8432
1.99885
1.85754
1.99578
1.85549
1.99475
1.84627
1.99885
1.84525
1.9927
1.8432
1.98656
1.85856
1.98144
1.84525
1.98963
1.84525
1.99373
1.85139
1.9968
1.84422
1.98349
1.8473
1.99578
1.84218
1.99987
1.84422
2.01216
1.8473
1.84627
1.8432
1.98656
1.85242
1.9927
1.85037
1.98554
1.84627
1.98554
1.8473
1.98758
1.85344
1.98656
1.84525
1.98758
1.84525
1.85446
1.84627
1.84832
1.84525
2.10432
1.84525
1.98554
1.84422
1.99066
1.84627
1.98656
1.84422
1.99168
1.8432
1.99373
1.84525
1.99578
1.84422
1.98144
1.8432
1.98144
1.84525
1.98963
1.84525
1.9968
1.84218
1.9968
1.8432
2.00397
1.8432
1.98963
1.84525
1.98554
1.83603
1.97939
1.83808
1.98451
1.8391
1.98656
1.8391
1.9968
1.86778
1.98963
1.8432
1.99475
1.85139
1.99782
1.84832
1.99782
1.84627
1.99782
1.85037
2.00294
1.84115
1.98758
1.84013
1.84218
1.8391
1.97632
1.84218
1.99578
1.84115
2.00806
1.83501
1.98656
1.85037
1.98451
1.84115
1.97222
1.83808
1.98349
1.83706
1.97632
1.83603
1.97632
1.8391
1.97427
1.83808
1.98451
1.8432
1.98758
1.83706
1.98144
1.84013
1.99066
1.83808
1.98451
1.83808
1.99168
1.83808
1.97837
1.83808
1.99168
1.8391
1.98963
1.84218
2.08896
1.83501
1.99168
1.84013
1.99168
1.83501
1.98042
1.83501
2.0951
1.83603
1.97837
1.84525
2.09408
1.8391
1.98861
1.8391
1.98758
1.8391
1.98656
1.84115
1.99578
1.84218
1.98758
1.8473
1.99066
1.84422
1.72544
1.57594
1.59437
1.56467
1.60051
1.56467
1.57286
1.56467
1.58208
1.56877
1.57389
1.57389
1.59949
1.56774
1.5913
1.5616
1.59642
1.5657
1.59232
1.55955
1.58822
1.56672
1.56262
1.56672
1.58106
1.56877
1.58925
1.56774
1.60358
1.56262
1.70189
1.56262
1.57082
1.56877
1.56877
1.5657
1.55546
1.56467
1.70394
1.55443
1.71418
1.56877
1.71827
1.58925
1.72237
1.55648
1.56365
1.5616
1.69984
1.55238
1.56365
1.55136
1.64045
1.55341
1.70291
1.54931
1.71213
1.55546
1.71418
1.55136
1.69882
1.56672
1.72032
1.55238
1.70598
1.54931
1.64864
1.55238
1.70906
1.55238
1.71008
1.55238
1.69574
1.55238
1.72851
1.55238
1.7111
1.55853
1.55136
1.69677
1.54726
1.69574
1.54317
1.55034
1.54624
1.72339
1.54522
1.70701
1.55546
1.69574
1.54419
1.55238
1.54214
1.54829
1.54931
1.55955
1.55546
1.70496
1.54829
1.69165
1.54726
1.71827
1.54214
1.71213
1.54829
1.70394
1.54214
1.69062
1.5401
1.54624
1.54419
1.69882
1.54214
1.68141
1.5401
1.7111
1.54931
1.54522
1.54214
1.54624
1.53702
1.67629
1.5401
1.54112
1.54112
1.54829
1.54829
1.6937
1.54829
1.54624
1.54522
1.54624
1.54317
1.55034
1.53907
1.53907
1.53805
1.5401
1.54624
1.54112
1.5401
1.54522
1.53702
1.55648
1.54112
1.68141
1.54317
1.54317
1.53805
1.55443
1.54317
1.54726
1.54112
1.69882
1.54624
1.94048
1.80736
2.05312
1.80838
2.02957
1.80838
2.03878
1.80634
2.04698
1.81248
1.95277
1.80634
1.94765
1.80736
1.95994
1.81043
2.06336
1.81146
2.07258
1.82477
2.05312
1.81555
1.95482
1.81658
2.05312
1.82477
2.05107
1.82682
1.96096
1.81658
1.97222
1.81146
2.048
1.8135
2.05824
1.80941
2.05414
1.81248
2.06234
1.80941
2.06746
1.81146
2.05414
1.81043
2.04698
1.81658
2.07974
1.81555
2.03878
1.81453
2.05414
1.82579
2.06336
1.8217
2.04902
1.82579
1.96506
1.8135
2.04902
1.82477
2.05107
1.82374
2.04698
1.81862
2.06029
1.81555
2.04698
1.81555
1.95891
1.8176
1.95994
1.81453
2.05312
1.82682
2.03776
1.81555
2.05722
1.81555
1.95686
1.82374
2.0521
1.81555
2.04493
1.8135
1.95584
1.81043
2.06848
1.81555
2.05107
1.81453
2.03674
1.81146
2.02752
1.80941
1.95277
1.80838
1.95482
1.80531
1.95277
1.80634
1.95891
1.79917
1.93843
1.79917
1.93946
1.80224
1.9456
1.80531
1.9415
1.54931
1.56877
1.5401
1.54931
1.54214
1.57184
1.5401
1.56262
1.52986
1.53088
1.52883
1.6896
1.52781
1.5319
1.52781
1.53498
1.53293
1.53395
1.52678
1.56058
1.52781
1.55853
1.53293
1.54112
1.52371
1.55546
1.51552
1.54419
1.52064
1.54317
1.51859
1.54726
1.51654
1.53088
1.52371
1.55034
1.5104
1.52883
1.51347
1.5401
1.51962
1.54214
1.51245
1.52678
1.52371
1.5145
1.52269
1.51859
0.919552
0.925696
0.919552
0.932864
0.924672
0.92672
0.922624
0.917504
0.912384
0.917504
0.915456
0.91136
0.928768
0.917504
0.915456
0.918528
0.92672
0.913408
0.930816
0.913408
0.917504
0.925696
0.912384
0.914432
0.91648
0.91136
0.919552
0.915456
0.909312
0.908288
1.00454
0.908288
0.909312
0.9216
0.93696
0.908288
0.922624
0.904192
0.912384
0.912384
0.91136
0.909312
0.918528
0.907264
0.913408
0.915456
0.905216
0.91648
0.924672
0.928768
0.91648
0.922624
0.915456
0.915456
0.920576
0.91648
0.915456
0.93184
0.918528
0.918528
1.06598
0.915456
0.913408
1.00966
0.912384
0.913408
1.06394
0.92672
0.927744
0.9472
0.9216
0.927744
0.929792
0.925696
0.925696
1.08237
0.944128
0.93696
0.941056
0.93184
0.92672
0.929792
0.928768
0.940032
1.08851
0.937984
0.933888
0.94208
0.93696
1.52576
1.53702
1.52678
0.9472
0.959488
0.944128
1.54214
1.53702
1.53395
1.69062
1.52781
1.56672
1.53805
1.57696
1.53805
1.53498
1.55853
1.54522
1.54624
1.55341
1.54726
1.53702
1.53907
1.53702
1.5575
1.53702
1.57594
1.54522
1.55955
1.53907
1.57082
1.55341
1.8432
1.83603
1.83706
1.9968
1.84525
1.84115
1.99987
1.83603
2.00806
1.83706
2.00499
1.83808
1.99373
1.83501
1.98451
1.83296
1.98042
1.83706
1.98656
1.84218
1.97939
1.83808
1.98963
1.84013
1.97632
1.84115
1.99475
1.84013
2.08691
1.8391
1.98246
1.83501
1.98656
1.83501
1.97837
1.83194
1.9753
1.83398
1.97632
1.83296
1.9753
1.82682
1.9753
1.82682
1.97018
1.82682
1.97018
1.82784
1.98451
1.82886
1.99475
1.83091
1.9927
1.82784
1.97734
1.82682
1.9712
1.84525
2.00192
1.84422
1.93024
1.84218
2.07565
1.84115
2.0777
1.84013
2.04698
1.84218
1.98861
1.8432
1.98656
1.83603
1.99475
1.83603
1.99578
1.83706
2.04902
1.84115
2.0439
1.83706
2.03776
1.83706
2.04595
1.83808
2.03469
1.84218
2.03776
1.83398
1.9712
1.82682
1.9671
1.82579
1.97939
1.82374
1.97837
1.82886
2.00704
1.82886
2.01216
1.82784
1.99578
1.83091
1.99168
1.83091
1.98042
1.82784
1.97325
1.82067
1.97632
1.82067
1.99066
1.82067
1.97939
1.8217
1.98349
1.8217
1.98554
1.82579
2.20262
1.8217
1.99578
1.82886
2.01216
1.82374
2.00294
1.82989
2.13606
1.82784
1.9671
1.82989
1.99168
1.83091
1.99885
1.83091
1.83091
2.00499
1.82784
1.99373
1.83398
1.82886
1.99987
1.82784
1.9712
1.82886
1.98451
1.83091
1.95789
1.81248
1.98349
1.80941
1.9753
1.81862
1.81453
1.97427
1.82272
1.81043
1.98042
1.8135
1.97939
1.81248
1.97222
1.81043
1.97325
1.80736
1.95584
1.81862
1.96813
1.81043
1.95277
1.81248
1.97837
1.8135
1.97427
1.79917
1.94253
1.79917
1.95789
1.81043
1.79712
1.95994
1.80122
1.79507
1.93843
1.79405
1.95174
1.79507
1.93331
1.80019
1.95174
1.79712
1.94662
1.79712
1.96403
1.80634
1.79302
1.95994
1.79405
1.95686
1.79712
1.94253
1.79507
1.96096
1.7961
1.96813
1.79302
2.21696
2.05619
2.19853
2.05619
2.19238
2.05517
2.19853
2.05619
2.19853
2.05517
2.20877
2.06541
2.37261
