1.1817
1.17658
1.17558
1.17965
1.17658
1.10592
1.10899
1.10387
1.10694
1.11718
1.10899
1.07315
1.07827
1.07213
1.07622
1.07213
1.0752
1.07315
1.07827
1.07213
1.07418
1.08237
1.07725
1.07418
1.0793
1.08339
1.07827
1.0752
1.08339
1.07315
1.0752
1.07315
1.08032
1.07213
1.0752
1.07315
1.07315
1.0752
1.0752
1.0711
1.07725
1.07622
1.0793
1.07213
1.07213
1.07622
1.0752
1.07827
1.08237
1.07213
1.07827
1.07725
1.07315
1.07418
1.07315
1.06803
1.08237
1.07213
1.08442
1.0752
1.0711
1.07315
1.07008
1.07622
1.07622
1.07725
1.07213
1.07418
1.07315
1.07622
1.07418
1.07315
1.07213
1.07315
1.0711
1.07418
1.07725
1.08134
1.06701
1.0793
1.0711
1.07725
1.07008
1.07622
1.0711
1.08237
1.07418
1.07827
1.07725
1.0711
1.07622
1.07315
1.0752
1.07008
1.07418
1.07008
1.07622
1.07725
1.07622
1.07622
1.07213
1.0752
1.07213
1.07418
1.07213
1.07315
1.07008
1.0711
1.07827
1.07008
1.0752
1.07315
1.0752
1.07315
1.08749
1.07315
1.07213
1.07213
1.0752
1.07725
1.07725
1.07213
1.07213
1.06906
1.07315
1.0711
1.07315
1.0711
1.07418
1.08749
1.0752
1.07418
1.0793
1.16429
1.07622
1.07008
1.08339
1.07418
1.07827
1.07213
1.07418
1.07315
1.07725
1.08237
1.0752
1.08237
1.0752
1.07213
1.07315
1.07827
1.0793
1.07008
1.0711
1.07622
1.07315
1.07418
1.0711
1.07622
1.0793
1.08032
1.0711
1.07725
1.07213
1.07622
1.0752
1.07725
1.07622
1.07418
1.0711
1.0793
1.0711
1.07622
1.07213
1.0752
1.08134
1.08134
1.07008
1.08749
1.0793
1.08032
1.08339
1.08032
1.08442
1.08134
1.07418
1.0793
1.07827
1.07827
1.08134
1.07418
1.08134
1.08851
1.08032
1.07827
1.0793
1.08134
1.08134
1.07418
1.0793
1.07622
1.08749
1.07315
1.0793
1.07725
1.07827
1.07725
1.08339
1.08237
1.07827
1.07213
1.08134
1.07418
1.07725
1.07418
1.07622
1.07725
1.07213
1.08134
1.0752
1.07827
1.08237
1.07827
1.07213
1.07827
1.07315
1.0793
1.07827
1.08339
1.07418
1.08134
1.07827
1.08032
1.07418
1.08032
1.07418
1.08237
1.0752
1.08134
1.09261
1.08442
1.08032
1.08339
1.08237
1.08442
1.0793
1.08339
1.08134
1.08237
1.08646
1.08237
1.08544
1.08646
1.08442
1.08134
1.07418
1.08442
1.07622
1.08032
1.07725
1.09261
1.08339
1.08237
1.0752
1.07622
1.07418
1.08032
1.0793
1.08032
1.07622
1.07213
1.0793
1.07315
1.07827
1.07315
1.09056
1.07213
1.07622
1.07315
1.07827
1.07315
1.08032
1.07213
1.08134
1.07213
1.07622
1.07213
1.07315
1.07418
1.07827
1.07315
1.08339
1.07827
1.08134
1.07725
1.08032
1.08032
1.08442
1.07725
1.08032
1.08032
1.0752
1.07827
1.08749
1.0752
1.08237
1.07725
1.08442
1.0793
1.0793
1.08032
1.08032
1.0793
1.08032
1.07622
1.08749
1.07622
1.08339
1.07418
1.08339
1.07725
1.08954
1.08237
1.08134
1.07827
1.08442
1.08442
1.08134
1.08544
1.0793
1.08237
1.18784
1.19603
1.18784
1.19501
1.18784
1.19706
1.18477
1.19194
1.18989
1.19398
1.19603
1.19398
1.18989
1.19091
1.18784
1.19706
1.19091
1.19194
1.18784
1.19091
1.19296
1.18579
1.19398
1.19398
1.18989
1.18374
1.18886
1.18579
1.19194
1.18784
1.18886
1.18784
1.1991
1.19296
1.19501
1.19091
1.19091
1.19398
1.19296
1.18989
1.19194
1.19501
1.19296
1.19194
1.19091
1.18989
1.18784
1.19091
1.19091
1.19501
1.19296
1.19091
1.18886
1.19603
1.18579
1.19501
1.18784
1.19091
1.18374
1.19091
1.18272
1.19194
1.18886
1.19194
1.18784
1.18886
1.18374
1.18989
1.18682
1.18886
1.18682
1.19603
1.18784
1.18989
1.19296
1.18784
1.18682
1.18989
1.18477
1.18886
1.18682
1.18989
1.18784
1.18374
1.18989
1.18579
1.18989
1.18784
1.19501
1.18374
1.18272
1.18272
1.18579
1.18067
1.18682
1.1817
1.19194
1.1817
1.18682
1.18374
1.18374
1.18477
1.18579
1.18374
1.18272
1.18682
1.18272
1.07213
1.07315
1.0752
1.07213
1.07213
1.07622
1.07315
1.07418
1.07213
1.08032
1.07418
1.07213
1.0752
1.07725
1.07213
1.07622
1.07827
1.06906
1.07827
1.07008
1.07418
1.07008
1.07418
1.07008
1.07725
1.06496
1.06906
1.06496
1.07418
1.07315
1.0711
1.07315
1.0711
1.06803
1.0711
1.06701
1.06598
1.0752
1.06803
1.06394
1.06496
1.07622
1.06598
1.06598
1.06394
1.07315
1.06496
0.941056
0.940032
0.940032
0.939008
0.940032
0.940032
0.94208
0.94208
0.94208
0.945152
0.941056
0.940032
0.943104
0.945152
0.944128
0.945152
0.940032
0.943104
0.940032
0.940032
0.94208
0.941056
0.94208
0.941056
0.941056
0.943104
0.941056
0.939008
0.941056
0.94208
0.943104
0.940032
0.944128
0.94208
0.94208
0.941056
0.939008
0.941056
0.940032
0.946176
0.941056
0.946176
0.940032
0.940032
0.94208
0.943104
0.944128
0.945152
0.941056
0.946176
0.94208
0.941056
0.943104
0.940032
0.940032
0.950272
0.951296
0.941056
0.948224
0.94208
0.940032
0.944128
0.944128
0.944128
0.944128
0.944128
0.946176
0.946176
0.946176
0.948224
0.950272
0.946176
0.945152
0.949248
0.946176
0.946176
0.9472
0.945152
1.07008
1.0752
1.06701
0.949248
0.9472
1.0752
1.07008
1.08339
1.07008
1.07418
1.07008
1.0752
1.07008
1.07418
1.0711
1.07622
1.07315
1.07622
1.07213
1.0711
1.07418
1.0752
1.06906
1.08237
1.08749
1.07622
1.07213
1.08032
1.07622
1.07213
1.07622
1.07315
1.0752
1.07213
1.07315
1.2073
1.07008
1.0711
1.07315
1.07213
1.07315
1.0711
1.0752
1.07008
1.07725
1.22368
1.07622
1.07315
1.0752
1.07418
1.07418
1.07008
1.07008
1.0752
1.07315
1.08032
1.0752
1.07418
1.0752
1.07213
1.07213
1.0752
1.07622
1.07418
1.07418
1.07213
1.07315
1.06906
1.07622
1.07213
1.07622
1.07622
1.07418
1.07827
1.07622
1.07418
1.08339
1.07622
1.0752
1.07622
1.07315
1.07725
1.07418
1.07827
1.07827
1.08032
1.0711
1.08134
1.07418
1.07622
1.07213
1.08237
1.08032
1.07725
1.07213
1.07622
1.0752
1.0752
1.07315
1.07418
1.16326
1.07418
1.16019
1.08032
1.2073
1.07725
1.07213
1.0752
1.0711
1.0752
1.07008
1.06598
1.20832
1.07725
1.0793
1.07622
1.0793
1.06803
1.16019
1.06906
1.16224
1.0752
1.16224
1.07418
1.21549
1.0752
1.07315
1.0752
1.21139
1.07008
1.07008
1.07418
1.07315
1.07418
1.16736
1.06803
1.21549
1.0711
1.07622
1.06803
1.20934
1.06701
1.2073
1.07008
1.20627
1.06701
1.0711
1.07213
1.21139
1.07213
1.16122
1.07213
1.20115
1.07827
1.15302
1.07418
1.06906
1.0752
1.07008
1.07827
1.0711
1.0711
1.07008
1.0752
1.16019
1.07622
1.06598
1.07213
1.06394
1.06598
1.06189
1.07008
1.06598
1.06496
1.06291
1.06803
1.06496
1.06598
1.06189
1.06394
1.06291
1.06394
1.06701
1.07008
1.06496
1.0711
1.06496
1.06906
1.07008
1.07213
1.15405
1.06906
1.1561
1.06906
1.07008
1.06701
1.06598
1.06598
1.06906
1.06803
1.20115
1.06803
1.15712
1.07315
1.1991
1.07827
1.06803
1.06701
1.06803
1.07213
1.06701
1.07008
1.06394
1.0711
1.06496
1.06803
1.20115
1.06906
1.06496
1.07213
1.06496
1.06803
1.06291
1.06906
1.16019
1.06701
1.17453
1.17658
1.1776
1.1776
1.17555
1.1817
1.1817
1.1776
1.17453
1.18067
1.17248
1.18989
1.1817
1.18477
1.1776
1.18067
1.17453
1.1817
1.17965
1.17862
1.1735
1.18067
1.17453
1.1776
1.17453
1.1776
1.17555
1.18784
1.17658
1.18067
1.17555
1.17862
1.18272
1.1817
1.1776
1.18784
1.1735
1.1817
1.1817
1.18477
1.17965
1.17862
1.17862
1.18272
1.17453
1.17146
1.17658
1.17146
1.1735
1.17248
1.18477
1.1735
1.17555
1.17555
1.18374
1.17555
1.17658
1.17658
1.17965
1.17555
1.17555
1.1776
1.17555
1.17658
1.1776
1.17555
1.17658
1.17862
1.17862
1.17043
1.1817
1.17248
1.17658
1.17043
1.1735
1.26157
1.17043
1.2585
1.17043
1.16941
1.17453
1.30458
1.17146
1.17555
1.17146
1.1735
1.17555
1.16838
1.1776
1.18374
1.17453
1.17248
1.17043
1.1735
1.17248
1.17146
1.17453
1.49197
1.17043
1.16941
1.17146
1.16941
1.1776
1.16941
1.17555
1.17248
1.18374
1.17555
1.17862
