0.936928
0.93392
0.932896
0.935936
0.940064
0.937984
0.93392
0.932864
0.933888
0.939008
0.933888
0.949248
0.940064
0.935936
0.93488
0.938016
0.934944
0.932832
0.932864
0.933856
0.942112
0.939008
0.932832
0.935936
0.93488
0.933888
0.933888
0.93392
0.932896
0.93392
0.932832
0.932896
0.934944
0.933888
0.932832
0.935936
0.933888
0.933856
0.936992
0.933888
0.943136
0.93392
0.933888
0.934944
0.93696
0.933888
0.932864
0.935936
1.10899
1.11107
1.108
1.108
1.10899
1.10899
1.10899
1.108
1.11002
1.10899
1.10794
1.10899
1.11002
1.10899
1.108
1.11206
1.11002
1.10899
1.10896
1.10902
1.10902
1.10896
1.10899
1.10694
1.12742
1.10899
1.1121
1.10899
1.11718
1.10998
1.11306
1.10794
1.10896
1.10902
1.10899
1.11005
1.10896
1.10899
1.10797
1.10794
1.10998
1.11414
1.10794
1.11002
1.11002
1.10998
1.10794
