0.377888
0.370688
0.374752
0.372736
0.372768
0.371712
0.37168
0.37072
0.371712
0.377856
0.371712
0.371712
0.372704
0.37584
0.377856
0.371712
0.372704
0.371712
0.374784
0.37168
0.372768
0.372768
0.371712
0.371712
0.371744
0.371712
0.370656
0.371712
0.371712
0.372704
0.371712
0.371712
0.371712
0.384992
0.372704
0.372768
0.372704
0.370688
0.371712
0.37376
0.371712
0.371744
0.371712
0.372768
0.372736
0.372704
0.371712
0.376832
0.371712
0.37376
0.371712
0.372704
0.377824
0.372704
0.372704
0.372768
0.372768
0.377824
0.371712
0.371712
0.372768
0.376832
0.371712
0.370656
0.371712
0.372768
0.374752
0.371712
0.372704
0.371712
0.371712
0.372704
0.372704
0.372704
0.371744
0.372768
0.371712
0.372704
0.372768
0.371712
0.37168
0.372768
0.37888
0.372704
0.371744
0.371712
0.371712
0.372704
0.372768
0.372704
0.372736
0.37168
0.372704
0.372768
0.371712
0.37168
0.372704
0.373728
0.371744
0.372768
0.371712
0.371712
0.372704
0.372704
0.372704
0.371744
0.370656
0.372768
0.372704
0.372768
0.37168
0.370688
0.371744
0.372704
0.372768
0.371712
0.372704
0.371712
0.371712
0.372704
0.371712
0.372704
0.37168
0.371712
0.372768
0.37376
0.372704
0.370688
0.372768
0.372704
0.372704
0.371744
0.371712
0.372768
0.372704
0.372768
0.37376
0.372704
0.371712
0.371712
0.372768
0.372768
0.371712
0.371712
0.371712
0.372704
0.372768
0.372768
0.37168
0.371712
0.371712
0.372768
0.372704
0.377856
0.371712
0.372704
0.372768
0.373728
0.372704
0.371712
0.371712
0.372768
0.372736
0.372768
0.371712
0.372704
0.372704
0.372704
0.372704
0.371712
0.371712
0.37376
0.372768
0.371712
0.371712
0.37072
0.37168
0.37376
0.37376
0.372768
0.371712
0.371744
0.371712
0.376832
0.372768
0.371744
0.37168
0.370688
0.372704
0.372768
0.37168
0.37168
0.372768
0.372736
0.372768
0.371744
0.371712
0.371712
0.371712
0.371712
0.373792
0.37168
0.371744
0.371712
0.37376
0.372704
0.371712
0.372736
0.37168
0.37168
0.372768
0.37376
0.375808
0.370656
0.37072
0.37376
0.371712
0.371712
0.37072
0.371712
0.37376
0.372704
0.372768
0.371712
0.372768
0.372704
0.372768
0.372736
0.372768
0.37168
0.372704
0.37168
0.372768
0.371712
0.371712
0.371744
0.371712
0.372768
0.372704
0.371712
0.371744
0.372704
0.372704
0.371712
0.371712
0.37072
0.37072
0.372768
0.372704
0.377824
0.371712
0.372768
0.372704
0.372704
0.37168
0.371712
0.371712
0.372768
0.371712
0.371712
0.371712
0.371712
0.371712
0.372704
0.372768
0.372768
0.371712
0.372768
0.37376
0.372768
0.371712
0.372768
0.371712
0.372704
0.372768
0.372704
0.375776
0.373792
0.37072
0.371744
0.371712
0.372704
0.371744
0.372704
0.372704
0.372704
0.371712
0.371712
0.371712
0.371712
0.372768
0.372736
0.371712
0.370656
0.371712
0.371712
0.371712
0.371712
0.371712
0.371712
0.371712
0.372704
0.37168
0.37168
0.371712
0.37376
0.371712
0.372704
0.371712
0.372736
0.371712
0.372768
0.372704
0.372768
0.37072
0.371712
0.372768
0.37376
0.371744
0.370688
0.371712
0.37168
0.372704
0.371712
0.370688
0.371712
0.376832
0.372736
0.371712
0.372704
0.370688
0.371712
0.372704
0.371744
0.372768
0.370688
0.37168
0.372768
0.372736
0.371712
0.372768
0.37072
0.372704
0.372736
0.372736
0.37072
0.371712
0.371712
0.371712
0.372736
0.372704
0.371712
0.372768
0.372704
0.372768
0.371712
0.371712
0.370656
0.372704
0.372768
0.37168
0.371744
0.371712
0.371744
0.372704
0.371712
0.371712
0.372704
0.372768
0.372704
0.372704
0.372768
0.372704
0.37168
0.372768
0.372704
0.372704
0.371712
0.371712
0.372768
0.372704
0.371744
0.371712
0.371712
0.371712
0.37376
0.373728
0.371744
0.371712
0.370688
0.372704
0.372768
0.46384
0.463872
0.461824
0.463872
0.463872
0.463872
0.46384
0.461824
0.463872
0.46384
0.463872
0.46288
0.46288
0.462816
0.463872
0.464896
0.465952
0.462816
0.46288
0.46384
0.464896
0.463872
0.46384
0.463872
0.464864
0.46384
0.464896
0.468992
0.46288
0.462848
0.463872
0.463872
0.463872
0.463872
0.46288
0.463872
0.463872
0.463872
0.462848
0.463872
0.463872
0.463904
0.464928
0.464896
0.463904
0.462848
0.463872
0.464896
0.464864
0.46384
0.46384
0.463872
0.462816
0.464928
0.46384
0.462816
0.463872
0.463904
0.463872
0.463872
0.46288
0.462816
0.463904
0.463872
0.463872
0.46384
0.463872
0.462816
0.464864
0.464896
0.462848
0.461824
0.463872
0.463872
0.463872
0.46384
0.46288
0.463872
0.46288
0.463872
0.46288
0.46288
0.46288
0.46288
0.463872
0.463872
0.463872
0.46288
0.46288
0.463872
0.464896
0.463904
0.462848
0.46288
0.462816
0.463872
0.464896
0.462848
0.46288
0.462816
0.463872
0.463872
0.462816
0.46288
0.463904
0.46384
0.464896
0.463872
0.463872
0.463872
0.46288
0.463872
0.463872
0.463872
0.463872
0.46384
0.46384
0.463904
0.462848
0.461824
0.463872
0.464864
0.464896
0.463872
0.46384
0.462816
0.463872
0.463872
0.462816
0.463872
0.461824
0.462848
0.463904
0.463872
0.462816
0.462816
0.46288
0.462816
0.463872
0.464928
0.463904
0.463904
0.462816
0.464928
0.464864
0.463872
0.462816
0.463872
0.464896
0.464864
0.462816
0.462848
0.463872
0.462848
0.463872
0.463872
0.464896
0.462848
0.463904
0.463904
0.509952
0.505888
0.50688
0.506912
0.507904
0.508928
0.507904
0.504832
0.50896
0.511008
0.372704
0.371744
0.371712
0.370656
0.371712
0.372768
0.372704
0.37168
0.371712
0.371712
0.377888
0.372768
0.371712
0.374752
0.371712
0.371712
0.372704
0.372704
0.372704
0.371712
0.371744
0.372768
0.372704
0.371712
0.376832
0.371712
0.372704
0.372704
0.372768
0.371712
0.371712
0.372768
0.372736
0.377824
0.371712
0.371712
0.372704
0.372768
0.371712
0.371712
0.37072
0.37888
0.371712
0.371712
0.372704
0.37072
0.371744
0.372704
0.37376
0.372736
0.371712
0.371712
0.37168
0.372768
0.371712
0.371712
0.371744
0.371712
0.372704
0.372768
0.371712
0.370688
0.371712
0.376832
0.372704
0.372768
0.37168
0.371712
0.372768
0.372704
0.372704
0.371712
0.37168
0.37168
0.373792
0.372736
0.371712
0.37072
0.371712
0.372704
0.381984
0.372704
0.372768
0.371712
0.371712
0.372768
0.372768
0.370688
0.371712
0.371712
0.372768
0.377888
0.372768
0.371712
0.37168
0.372736
0.372768
0.371712
0.371712
0.370688
0.382976
0.371744
0.372704
0.37168
0.371712
0.372736
0.372704
0.372768
0.371712
0.371712
0.373728
0.371712
0.37376
0.372704
0.372704
0.371712
0.372704
0.371712
0.372768
0.37168
0.371712
0.371712
0.371712
0.37168
0.371712
0.372768
0.371712
0.371712
0.372704
0.372704
0.372768
0.371712
0.37168
0.372704
0.3768
0.370656
0.370688
0.370656
0.371712
0.372704
0.37168
0.371712
0.372768
0.371712
0.372768
0.371744
0.372768
0.371712
0.371712
0.37376
0.372704
0.37168
0.371712
0.372736
0.372768
0.371712
0.372704
0.371712
0.371712
0.372704
0.372768
0.37168
0.372736
0.37168
0.372768
0.373728
0.374784
0.371712
0.37072
0.37072
0.372704
0.371712
0.37376
0.371712
0.371712
0.371712
0.371712
0.371712
0.371712
0.371712
0.371712
0.372704
0.372768
0.371712
0.371744
0.371712
0.371712
0.372768
0.372768
0.370656
0.372736
0.372704
0.372704
0.372768
0.372704
0.372768
0.372768
0.372704
0.377856
0.372704
0.37168
0.372768
0.37376
0.375808
0.372704
0.37168
0.371712
0.372768
0.372768
0.371712
0.371712
0.371744
0.371744
0.371744
0.371712
0.371712
0.371712
0.37168
0.372704
0.371712
0.37168
0.37168
0.371712
0.371712
0.372768
0.372704
0.372768
0.37072
0.372768
0.372704
0.372768
0.372704
0.371744
0.371712
0.371712
0.372704
0.376832
0.370688
0.37168
0.371712
0.372704
0.37888
0.374752
0.371712
0.371712
0.372768
0.372736
0.372768
0.371712
0.370688
0.37376
0.372704
0.371712
0.371712
0.371712
0.372768
0.372736
0.371712
0.371712
0.37072
0.371712
0.372768
0.371712
0.371712
0.371712
0.372704
0.371712
0.371744
0.371712
0.372704
0.37168
0.372736
0.372736
0.372704
0.377856
0.371712
0.372704
0.372768
0.371712
0.372704
0.371712
0.372768
0.371744
0.372704
0.372704
0.370688
0.372768
0.372704
0.372736
0.371712
0.371712
0.377856
0.372768
0.371712
0.372768
0.371712
0.370688
0.372704
0.371744
0.371712
0.371712
0.371712
0.37168
0.37888
0.372768
0.372768
0.371744
0.370656
0.371712
0.372704
0.372704
0.371712
0.371712
0.371712
0.372704
0.372768
0.371712
0.371712
0.372704
0.372768
0.372704
0.372768
0.37168
0.372768
0.372704
0.372704
0.372768
0.372704
0.371712
0.372704
0.372704
0.372736
0.372768
0.371712
0.372768
0.372768
0.372768
0.37168
0.371712
0.370688
0.371712
0.372704
0.372768
0.372768
0.370656
0.372704
0.37376
0.372768
0.372704
0.370656
0.372704
0.371712
0.372768
0.37888
0.37168
0.371712
0.372704
0.371712
0.372704
0.371712
0.37072
0.371712
0.372768
0.372768
0.372704
0.369632
0.372768
0.37376
0.372704
0.371712
0.371744
0.372704
0.371712
0.372736
0.372768
0.371712
0.371712
0.372736
0.372704
0.372768
0.376832
0.371712
0.37168
0.372704
0.372768
0.372704
0.372768
0.371712
0.371712
0.372768
0.37376
0.371712
0.371744
0.371712
0.377888
0.37376
0.371712
0.37168
0.372704
0.372768
0.372704
0.372768
0.371712
0.371712
0.371712
0.372768
0.375808
0.372768
0.371712
0.371712
0.372768
0.372768
0.371712
0.371712
0.371712
0.37168
0.372768
0.372736
0.371712
0.371712
0.371712
0.371712
0.371712
0.371712
0.372704
0.372704
0.372768
0.371712
0.372768
0.371712
0.371712
0.372704
0.372768
0.371712
0.371712
0.371712
0.371744
0.37888
0.372704
0.372768
0.371712
0.372768
0.371712
0.371712
0.372736
0.371712
0.371712
0.372768
0.37376
0.379904
0.371712
0.371712
0.371712
0.371744
0.372768
0.372768
0.371712
0.371712
0.372704
0.372768
0.371712
0.37072
0.371712
0.372704
0.372704
0.372704
0.372736
0.372704
0.371712
0.372768
0.371744
0.371712
0.371744
0.371712
0.372768
0.372768
0.370688
0.371712
0.372704
0.37376
0.372768
0.371744
0.371744
0.37168
0.371712
0.372736
0.372768
0.371712
0.370688
0.376864
0.372704
0.376832
0.372768
0.37168
0.371712
0.372704
0.372768
0.372768
0.371712
0.371712
0.371712
0.37168
0.37168
0.371712
0.37168
0.371712
0.37376
0.374784
0.371712
0.371712
0.372768
0.372704
0.37376
0.37168
0.371744
0.372768
0.371712
0.37376
0.375808
0.372768
0.37072
0.371712
0.372768
0.372768
0.370688
0.37072
0.372768
0.37376
0.372736
0.371712
0.371712
0.371712
0.372768
0.372736
0.37376
0.372704
0.371712
0.37376
0.371712
0.372704
0.372768
0.370688
0.371712
0.372704
0.372704
0.372768
0.371712
0.37168
0.372704
0.37376
0.372768
0.371744
0.372704
0.371712
0.372736
0.372704
0.371712
0.370688
0.370656
0.372704
0.372704
0.374816
0.372768
0.37072
0.372704
0.372704
0.37376
0.372768
0.370656
0.371712
0.372768
0.372768
0.372704
0.371712
0.371712
0.372704
0.372704
0.371712
0.371712
0.371712
0.37168
0.378912
0.372768
0.372768
0.371712
0.375808
0.372768
0.372768
0.372704
0.371712
0.371744
0.372768
0.372704
0.372768
0.371712
0.371712
0.372768
0.372768
0.372768
0.372768
0.371744
0.372768
0.371712
0.372704
0.371712
0.374816
0.371712
0.371712
0.371712
0.372768
0.371712
0.372704
0.37072
0.372704
0.37376
0.372768
0.371712
0.374752
0.372768
0.37168
0.37168
0.371712
0.371712
0.372704
0.372768
0.37168
0.371712
0.371744
0.371712
0.37376
0.372768
0.372768
0.371744
0.372736
0.372768
0.372736
0.371712
0.371712
0.371712
0.372768
0.372768
0.372768
0.372704
0.371712
0.370656
0.372736
0.374816
0.371744
0.37376
0.374752
0.372704
0.375808
0.371712
0.370656
0.372768
0.372704
0.372768
0.372768
0.371712
0.372768
0.372768
0.372768
0.3768
0.371712
0.370688
0.372704
0.372704
0.372704
0.37376
0.371712
0.371712
0.372704
0.372768
0.371712
0.372768
0.371712
0.372768
0.372736
0.371712
0.372704
0.371712
0.372704
0.377888
0.372704
0.371712
0.372704
0.372704
0.371712
0.372768
0.371712
0.372768
0.371712
0.371712
0.372736
0.372768
0.371712
0.369632
0.371712
0.372704
0.372704
0.372768
0.371744
0.371712
0.37376
0.372704
0.372768
0.371744
0.370656
0.371712
0.37376
0.372704
0.371712
0.37072
0.372768
0.372768
0.372768
0.372768
0.377888
0.371744
0.372768
0.37888
0.372704
0.372704
0.371744
0.371744
0.372704
0.372768
0.371712
0.371712
0.371712
0.372704
0.371712
0.371712
0.371712
0.372704
0.372704
0.37376
0.371712
0.371712
0.371712
0.371712
0.372768
0.375808
0.372704
0.37168
0.371712
0.377888
0.372768
0.372768
0.371712
0.372768
0.372768
0.375808
0.371712
0.372704
0.371712
0.371712
0.372704
0.372704
0.372768
0.371712
0.372704
0.371712
0.372704
0.372768
0.371712
0.371712
0.372768
0.372768
0.37168
0.371712
0.371712
0.371712
0.372704
0.371712
0.37888
0.37072
0.371712
0.377888
0.371712
0.371712
0.371744
0.372768
0.37376
0.372704
0.371712
0.372768
0.371744
0.37168
0.37376
0.371712
0.371712
0.372768
0.372704
0.372704
0.372736
0.371712
0.371744
0.372704
0.372704
0.372768
0.372704
0.371712
0.372704
0.371712
0.371712
0.37376
0.372768
0.372768
0.371712
0.372768
0.372768
0.371712
0.371712
0.372768
0.372768
0.372704
0.372768
0.372704
0.371712
0.371712
0.372704
0.37168
0.372704
0.371712
0.37168
0.372704
0.377888
0.37072
0.371712
0.372768
0.372704
0.37376
0.371712
0.371712
0.372704
0.37376
0.372736
0.372736
0.372704
0.37072
0.372704
0.37376
0.373792
0.372704
0.371712
0.371712
0.37888
0.371712
0.371744
0.372704
0.371712
0.372704
0.372704
0.372704
0.371712
0.370656
0.372704
0.372768
0.37888
0.372704
0.371712
0.371744
0.372768
0.372768
0.37168
0.372768
0.370688
0.372704
0.372768
0.371712
0.371712
0.371712
0.37168
0.372768
0.371744
0.372736
0.371712
0.372768
0.372768
0.372768
0.372704
0.37168
0.372736
0.371712
0.372704
0.372768
0.372736
0.371712
0.371712
0.372704
0.372768
0.372768
0.370656
0.371712
0.372704
0.37376
0.372704
0.37376
0.377888
0.372736
0.372768
0.372768
0.372736
0.371712
0.377888
0.37168
0.372704
0.371712
0.37168
0.371712
0.372736
0.372704
0.372768
0.371744
0.371712
0.372704
0.372704
0.372736
0.371712
0.370656
0.372768
0.372768
0.372704
0.372768
0.37072
0.372704
0.372736
0.37376
0.372704
0.372768
0.371712
0.371712
0.372736
0.372768
0.371712
0.37168
0.37168
0.372704
0.372768
0.372768
0.371712
0.37168
0.372704
0.372768
0.371712
0.377824
0.371712
0.371712
0.372704
0.372704
0.371744
0.37072
0.371712
0.372768
0.372768
0.372768
0.370656
0.371712
0.372768
0.37376
0.372768
0.371712
0.371712
0.372736
0.37888
0.372704
0.37168
0.37168
0.371712
0.372704
0.372704
0.372704
0.371712
0.371712
0.372704
0.372704
0.371712
0.372768
0.376832
0.372704
0.372736
0.37168
0.37168
0.37072
0.372768
0.37168
0.372736
0.372704
0.37072
0.370688
0.372736
0.371712
0.371712
0.371712
0.371712
0.37168
0.371712
0.372768
0.372704
0.371712
0.371712
0.372704
0.372768
0.371712
0.371712
0.372768
0.371712
0.372736
0.371712
0.372704
0.374784
0.371712
0.372704
0.372768
0.371712
0.371712
0.370688
0.371712
0.372736
0.371712
0.371744
0.371712
0.371712
0.372736
0.376832
0.371712
0.372704
0.371744
0.372736
0.372704
0.371712
0.371712
0.371712
0.372704
0.372736
0.371712
0.37072
0.371712
0.372736
0.371712
0.371712
0.37888
0.377856
0.371744
0.372736
0.372768
0.372704
0.376832
0.37072
0.372768
0.372768
0.377824
0.37072
0.371712
0.372704
0.37376
0.372704
0.371744
0.371744
0.37072
0.372704
0.372768
0.371712
0.371744
0.371712
0.371712
0.371712
0.372704
0.370688
0.37168
0.371712
0.372768
0.37168
0.371712
0.37168
0.371744
0.371712
0.372704
0.371712
0.371712
0.371712
0.37376
0.371712
0.37168
0.371712
0.371712
0.371744
0.372704
0.371744
0.371712
0.37072
0.371712
0.372768
0.371712
0.372768
0.371712
0.372704
0.372736
0.372704
0.371712
0.371712
0.371712
0.372704
0.372736
0.372704
0.37376
0.370688
0.371712
0.372704
0.371744
0.37168
0.371712
0.37168
0.37376
0.372704
0.37168
0.372768
0.372768
0.372704
0.372768
0.372768
0.372704
0.37168
0.372704
0.372736
0.372704
0.372704
0.370656
0.371712
0.371712
0.37888
0.371712
0.37072
0.371712
0.372736
0.371744
0.372704
0.372736
0.37168
0.372768
0.372768
0.372704
0.372768
0.371712
0.371712
0.37376
0.372768
0.372736
0.37072
0.371712
0.372768
0.372736
0.372704
0.371712
0.37072
0.372768
0.372704
0.372736
0.371712
0.37072
0.371712
0.371712
0.372768
0.372704
0.37072
0.372704
0.371712
0.372768
0.372704
0.372704
0.371712
0.370688
0.372768
0.371744
0.372704
0.371712
0.371712
0.37376
0.372704
0.371712
0.371712
0.372704
0.37376
0.371712
0.37168
0.372704
0.371712
0.372704
0.37168
0.373728
0.371712
0.370688
0.371712
0.37168
0.372704
0.372704
0.370688
0.371712
0.372768
0.372768
0.372768
0.376832
0.371744
0.372704
0.371744
0.372704
0.372768
0.371712
0.371712
0.372768
0.372704
0.371744
0.371712
0.371712
0.372704
0.372768
0.372768
0.371712
0.371712
0.372704
0.372768
0.372768
0.371712
0.371712
0.371712
0.37376
0.372768
0.371744
0.371712
0.372768
0.371744
0.372704
0.371712
