14.6022
14.8378
14.6381
14.8234
14.8265
14.8142
14.8183
15.0764
14.9176
13.6202
13.439
13.6407
13.6325
13.6397
13.4072
13.6366
13.5895
13.6264
13.5117
13.6059
13.6417
13.654
13.5035
13.4236
13.6397
13.6397
13.6407
13.4943
13.3693
13.6315
13.6663
13.6591
13.3765
13.6141
13.6264
13.4717
13.3827
13.6202
13.6622
13.6141
13.4195
13.6479
13.6417
13.4851
13.4298
13.6489
13.6428
13.6202
13.4226
13.6038
13.6428
13.5066
13.4124
13.6294
13.6202
13.6581
13.5485
13.6376
13.6407
13.6407
13.3755
13.6325
13.6305
13.6284
13.4339
13.611
13.6387
13.4994
13.4195
13.6305
13.6376
13.6407
13.4164
13.609
13.6366
13.6335
13.5199
13.4093
13.609
13.6509
13.6407
13.4861
13.3878
13.6192
13.6428
13.6141
13.653
13.5014
13.4021
13.6243
13.6448
13.6346
13.6417
13.4339
13.6161
13.6079
13.6428
13.6479
13.5004
13.6376
13.6468
13.6346
13.4973
13.4021
13.6417
13.7462
13.6274
13.482
13.4062
13.6376
13.6202
13.6233
13.6253
13.5373
13.3919
13.6069
13.6079
13.6448
13.6018
13.3847
13.6335
13.6632
13.6591
13.4984
13.4154
13.6008
13.6847
13.6264
13.6489
13.4267
13.6059
13.6509
13.6233
13.482
13.3919
13.6264
13.6458
13.6233
13.6182
13.4001
13.4277
13.6294
13.6561
13.6253
13.4994
13.4175
13.6315
13.6458
13.6561
13.5137
13.4144
13.6417
13.6376
13.6346
13.4676
13.441
13.6315
13.6704
13.6325
13.4861
13.3868
13.6212
13.6325
13.6673
13.4861
13.3806
13.6305
13.6827
13.6315
13.5229
13.4083
13.6253
13.652
13.6233
13.5311
13.4042
13.6284
13.6284
13.6346
13.5035
13.4031
13.6335
13.6172
13.6212
13.484
13.3898
13.6315
13.6612
13.6612
13.526
13.4031
13.397
13.6448
13.694
13.6622
13.5107
13.4062
13.6335
13.6407
13.655
13.5004
13.4083
13.6428
13.6397
13.6264
13.696
13.4062
13.6376
13.6509
13.6325
13.5035
13.3949
13.6448
13.6335
13.6694
13.5014
13.4062
13.6233
13.6253
13.6253
13.4738
13.3898
13.6305
13.6325
13.6397
13.4994
13.4318
13.6397
13.6233
13.6376
13.4892
13.4001
13.6376
13.6294
13.6202
13.4892
13.4277
13.6335
13.6438
13.6684
13.5004
13.4083
13.654
13.6305
13.6417
13.5025
13.4298
13.6663
13.61
13.6223
13.4932
13.398
13.6448
13.6346
13.6622
13.483
13.5332
13.6417
13.6366
13.6417
13.4953
13.4103
13.6602
13.6509
13.6612
13.483
13.3919
13.6776
13.6366
13.6376
13.5178
13.4083
13.6479
13.6387
13.6663
13.4984
13.397
13.6151
13.6591
13.6468
13.5168
13.4083
13.6847
13.6428
13.6653
13.6059
13.397
13.6325
13.6663
13.6397
13.6694
13.4164
13.6366
13.6704
13.6253
13.5004
13.4134
13.6489
13.6387
13.6407
13.4861
13.4246
13.6704
13.6346
13.6366
13.823
13.3919
13.5936
13.6448
13.6192
13.5066
13.4042
13.6274
13.6837
13.6479
13.6694
13.3878
13.4216
13.6346
13.6315
13.6018
13.4963
13.4246
13.6622
13.6653
13.654
13.5086
13.398
13.6458
13.6479
13.6448
13.527
13.4226
13.6581
13.6499
13.6172
13.4769
13.4052
13.6325
13.6387
13.6223
13.4892
13.4164
13.6622
13.6479
13.6356
13.5178
13.4236
13.6294
13.6428
13.6274
13.4984
13.4195
13.6806
13.6253
13.6274
13.6315
13.397
13.6468
13.6325
13.6151
13.4574
13.4267
13.6438
13.6581
13.6479
13.5178
13.4185
13.6182
13.6376
13.4881
13.4083
13.6479
13.6305
13.652
13.4851
13.397
13.6253
13.6141
13.6428
13.4984
13.4226
13.6581
13.655
13.6407
13.5148
13.4257
13.6387
13.6397
13.6663
13.4932
13.3908
13.6161
13.6653
13.6305
13.4902
13.4031
13.6581
13.6264
13.653
13.4943
13.398
13.6653
13.6622
13.6315
13.7032
13.6346
13.611
13.6366
13.4922
13.3816
13.6212
13.655
13.6305
13.5014
13.4461
13.6407
13.6172
13.6335
13.4799
13.3786
13.6438
13.6591
13.6335
13.4881
13.4134
13.6212
13.6468
13.654
13.4769
13.4216
13.6499
13.6243
13.6561
13.5229
13.3806
13.6448
13.694
13.6612
13.5127
13.4339
13.7062
13.6724
13.5434
13.4328
13.7042
13.653
13.4984
13.4042
13.6284
13.6428
13.6407
13.5127
13.6561
13.6571
13.7861
13.4195
13.6069
13.6366
13.6335
13.4892
13.3939
13.6448
13.6479
13.6428
13.483
13.3816
13.6253
13.6407
13.6387
13.5188
13.4144
13.6735
13.6643
13.6407
13.4851
13.4062
13.6673
13.6468
13.6346
13.5045
13.4103
13.6376
13.6325
13.654
13.4963
13.4031
13.6387
13.6346
13.6223
13.4789
13.397
13.6448
13.6489
13.6284
13.482
13.4175
13.6663
13.6233
13.6243
13.5229
13.4205
13.6817
13.6376
13.8138
13.398
13.6335
13.6366
13.6387
13.5045
13.4072
13.653
13.6315
13.6141
15.2904
14.0186
13.6458
13.5055
13.3939
13.6694
13.6397
13.6479
13.4973
13.4287
13.6468
13.6315
13.6438
13.5168
13.4124
13.6612
13.6376
13.6468
13.4851
13.4144
13.6284
13.6602
13.6479
13.5127
13.4093
13.6284
13.6602
13.652
13.5086
13.4144
13.6264
13.6643
13.6376
13.4769
13.4093
13.6325
13.6581
13.6038
13.4922
13.4226
13.8557
13.6561
13.484
13.4164
13.6602
13.6376
13.6561
13.4851
13.442
13.61
13.6356
13.6438
13.5158
13.4236
13.6509
13.6499
13.6509
13.4707
13.3898
13.6397
13.6407
13.6714
13.5117
13.3929
13.6448
13.653
13.6428
13.5055
13.4339
13.6643
13.6274
13.6325
13.5301
13.4154
13.6346
13.6438
13.652
13.4973
13.4277
13.6294
13.6724
13.6448
13.5086
13.4062
13.6479
13.6376
13.6397
13.5035
13.4062
13.6724
13.6141
13.4871
13.3683
13.6387
13.6438
13.6356
13.5127
13.3929
13.6212
13.6172
13.6325
13.5096
13.3755
13.6428
13.6417
13.6315
13.4001
13.6294
13.6212
13.6069
13.5096
13.4246
13.6376
13.653
13.6458
13.481
13.3929
13.6305
13.6182
13.6366
13.5076
13.3888
13.6284
13.6346
13.6008
13.4707
13.3939
13.6438
13.6376
13.6417
13.5096
13.6264
13.6151
13.6274
13.482
13.398
13.6305
13.6468
13.6305
13.4943
13.5404
13.6212
13.6305
13.6602
13.5178
13.3919
13.6212
13.6243
13.6684
13.5117
13.4113
13.6243
13.7021
13.6387
13.483
13.3929
13.6294
13.6735
13.6356
13.4963
13.3939
13.6479
13.654
13.6438
13.6079
13.4881
13.3796
13.6253
13.655
13.6346
13.5076
13.4175
13.4031
13.6233
13.6704
13.6397
13.5117
13.4144
13.6376
13.653
13.6428
13.4728
13.4124
13.6612
13.6827
13.6356
13.5055
13.4072
13.6356
13.653
13.7452
13.4851
13.4093
13.6397
13.6868
13.6274
13.5066
13.4042
13.6223
13.6479
13.6448
13.6325
13.439
13.6253
13.6315
13.6509
13.481
13.3929
13.6223
13.6571
13.6346
13.5045
13.4185
13.4154
13.6581
13.6356
13.6284
13.6274
13.4195
13.6212
13.6172
13.6428
13.61
13.5025
13.4072
13.6387
13.6407
13.6212
13.6161
13.5096
13.4052
13.6243
13.655
13.652
13.6417
13.4892
13.3898
13.6346
13.6704
13.6346
13.4902
13.5291
13.6509
13.6448
13.6264
13.654
13.4738
13.609
13.6509
13.6468
13.611
13.4892
13.6325
13.654
13.6397
13.6407
13.4205
13.6397
13.6428
13.6407
13.6192
13.4748
13.4134
13.5967
13.6212
13.6346
13.652
13.5107
13.4124
13.6356
13.6602
13.6161
13.6182
13.4871
13.4308
13.6253
13.6438
13.6438
13.6509
13.4769
13.3837
13.6151
13.6632
13.6305
13.6376
13.5086
13.4267
13.61
13.6581
13.6602
13.4779
13.6253
13.6612
13.6448
13.6561
13.4902
13.4246
13.6397
13.653
13.6223
13.5055
13.4226
13.4103
13.61
13.6438
13.6387
13.6376
13.5168
13.6131
13.652
13.6438
13.6622
13.4953
13.654
13.654
13.6448
13.6612
13.5137
13.3908
13.6284
13.6366
13.6397
13.6008
13.5219
13.4001
13.6233
13.6673
13.6212
13.6315
13.4042
13.6274
13.6212
13.6448
13.6899
13.4697
13.5844
13.6253
13.6315
13.6468
13.6499
13.4257
13.6387
13.8414
13.5291
13.4277
13.6417
13.6274
13.6315
13.6253
13.4984
13.3908
13.6397
13.6417
13.6673
13.6417
13.4953
13.4144
13.6335
13.6366
13.6325
13.6161
13.4072
13.3878
13.6069
13.6305
13.6325
13.6335
13.4963
13.4205
13.6294
13.6335
13.6274
13.655
13.4953
13.397
13.6253
13.6417
13.6315
13.6325
13.4799
13.3949
13.6243
13.6243
13.6284
13.6315
13.5045
13.4134
13.6612
13.6837
13.6202
13.4758
13.3939
13.6591
13.8056
13.6622
13.4881
13.3908
13.6407
13.6735
13.6407
13.609
13.4656
13.4246
13.6479
13.6509
13.6366
13.6438
13.4042
13.6264
13.6571
13.6356
13.4953
13.4001
13.6131
13.6315
13.6448
13.6223
13.5188
13.4236
13.6479
13.6499
13.6468
13.6407
13.4697
13.3878
13.6223
13.6212
13.6561
13.6479
13.4943
13.4103
13.6079
13.6407
13.6356
13.6202
13.5178
13.3949
13.654
13.6765
13.6397
13.654
13.4994
13.6489
13.6366
13.7789
13.4881
13.4103
13.6172
13.6509
13.6458
13.654
13.5117
13.396
13.653
13.6376
13.6407
13.6509
13.5178
13.4246
13.612
13.6305
13.6643
13.4779
13.4308
13.6407
13.6315
13.6458
13.6724
13.5188
13.3908
13.652
13.6837
13.6561
13.6253
13.4922
13.438
13.6407
13.6397
13.6438
13.6356
13.5107
13.3816
13.6407
13.6253
13.6253
13.6509
13.5178
13.4124
13.61
13.654
13.653
13.6202
13.4922
13.4093
13.6161
13.7718
13.6714
13.5014
13.396
13.6509
13.6376
13.6745
13.6223
13.4984
13.3868
13.6192
13.6274
13.6448
13.6417
13.4984
13.4236
13.611
13.6305
13.6315
13.6561
13.4748
13.4513
13.6233
13.6212
13.655
13.6653
13.4676
13.4031
13.6294
13.6264
13.6837
13.6397
13.6325
13.5055
13.4134
13.609
13.6305
13.653
13.6489
13.6366
13.526
13.4031
13.6581
13.6202
13.6509
13.6202
13.4973
13.4001
13.6602
13.6622
13.6653
13.6448
13.6192
13.6684
13.6407
13.6591
13.6346
13.4881
13.3949
13.6294
13.6417
13.6202
13.6643
13.5014
13.4185
13.6653
13.6294
13.6417
13.6274
13.5096
13.6387
13.6284
13.6786
13.6653
13.4851
13.4175
13.6335
13.6264
13.652
13.6509
13.4922
13.6182
13.6305
13.6786
13.6438
13.5383
13.4052
13.6458
13.6509
13.6499
13.6417
13.5076
13.4318
13.6448
13.6479
13.6428
13.6448
13.4748
13.398
13.6509
13.6458
13.6305
13.8301
13.5014
13.4277
13.6325
13.6684
13.6458
13.6694
13.4892
13.3949
13.6325
13.6182
13.6428
13.6407
13.6366
13.4789
13.399
13.6182
13.6366
13.6438
13.6653
13.4758
13.4185
13.6192
13.655
13.6868
13.6602
13.4984
13.4021
13.6489
13.6468
13.6847
13.6294
13.5076
13.4155
13.6141
13.6335
13.6694
13.6253
13.5055
13.3908
13.6284
13.6325
13.6315
13.6253
13.4748
13.4093
13.6489
13.6397
13.6755
13.6366
13.5188
13.4134
13.8424
13.6909
13.6632
13.5055
13.4195
13.6366
13.6366
13.611
13.611
13.4912
13.4103
13.6417
13.6161
13.6735
13.6397
13.5096
13.4246
13.6428
13.6591
13.6387
13.6264
13.5107
13.4226
13.6366
13.6448
13.652
13.6264
13.5055
13.4052
13.6192
13.6509
13.6468
13.6591
13.4656
13.4103
13.5967
13.6509
13.6724
13.6397
13.4758
13.396
13.6376
13.6479
13.6806
13.6817
13.4851
13.3908
13.612
13.6223
13.6622
13.6182
13.737
13.4011
13.6499
13.6223
13.6878
13.6632
13.6632
13.4103
13.6284
13.6428
13.654
13.5854
13.6356
13.4042
13.4001
13.6468
13.6612
13.6571
13.6274
13.5055
13.4042
13.6202
13.6366
13.6653
13.6581
13.5148
13.4328
13.6366
13.6417
13.6141
13.6284
13.5188
13.4277
13.6663
13.6684
13.6407
13.6622
13.5014
13.4031
13.6387
13.6438
13.6499
13.6008
13.5352
13.441
13.653
13.6663
13.6724
13.6397
13.5158
13.4154
13.611
13.8465
13.6612
13.6714
13.4963
13.4124
13.6417
13.6673
13.6305
13.5055
13.4072
13.6366
13.6407
13.6684
13.6356
13.5045
13.4093
13.4124
13.6448
13.6468
13.6284
13.6448
13.6438
13.4994
13.397
13.6284
13.6172
13.6376
13.6274
13.5997
13.5086
13.4072
13.6161
13.6212
13.6499
13.6786
13.6387
13.6458
13.5127
13.4267
13.6428
13.6397
13.6581
13.6602
13.653
13.4922
13.4318
13.6274
13.6376
13.6622
13.6335
13.6274
13.5076
13.6069
13.6827
13.6499
13.6366
13.6202
13.6417
13.5352
13.4349
13.6182
13.6028
13.6223
13.6417
13.6468
13.6387
13.4707
13.3929
13.6448
13.6274
13.6561
13.6632
13.6479
13.5086
13.4185
13.6243
13.6305
13.6366
13.6428
13.6448
13.5035
13.4052
13.6069
13.6561
13.653
13.6428
13.655
13.4881
13.442
13.6376
13.6479
13.6602
13.6694
13.6294
13.4779
13.4072
13.6212
13.6428
13.6499
13.652
13.6653
13.482
13.3806
13.6407
13.6438
13.8578
13.6663
13.5045
13.3683
13.4185
13.6417
13.6458
13.652
13.6182
13.6407
13.4963
13.4031
13.4226
13.6335
13.6643
13.653
13.6899
13.6591
13.4861
13.4001
13.611
13.6458
13.6182
13.6714
13.6325
13.6192
13.4851
13.3929
13.6489
13.6274
13.6325
13.6735
13.6212
13.5004
13.5004
13.4205
13.6479
13.6274
13.6172
13.6468
13.6458
13.4973
13.4113
13.4093
13.5885
13.655
13.654
13.6888
13.6428
13.5025
13.4144
13.6028
13.6192
13.7923
13.6182
13.4892
13.3827
13.4185
13.6131
13.6141
13.6653
13.6643
13.6571
13.6376
13.5178
13.4052
13.6735
13.654
13.6479
13.6622
13.655
13.4892
13.3939
13.6202
13.5813
13.6202
13.697
13.6479
13.5076
13.4205
13.3939
13.6223
13.6151
13.6274
13.6448
13.6315
13.4973
13.3949
13.4328
13.6376
13.654
13.6581
13.697
13.653
13.4953
13.4103
13.6458
13.6417
13.6786
13.6356
13.6786
13.526
13.4113
13.612
13.6458
13.6448
13.823
13.6325
13.3847
13.3939
13.6212
13.6305
13.6335
13.6663
13.6346
13.4984
13.4175
13.4246
13.6571
13.6438
13.6786
13.6499
13.6581
13.396
13.6346
13.655
13.655
13.6755
13.6653
13.4871
13.4154
13.612
13.6376
13.6704
13.6387
13.6346
13.4881
13.3919
13.6151
13.6131
13.6581
13.6776
13.6458
13.653
13.5025
13.6325
