6.4369
6.68672
6.69082
6.66624
6.67446
6.65088
6.67955
6.64266
6.69078
6.65699
6.68877
6.69286
6.65088
6.68058
6.66112
6.65088
6.65907
6.65494
6.63142
6.80653
6.73075
6.67958
6.63965
6.64883
6.65395
6.63654
6.6519
6.65907
6.65706
6.6529
6.63552
6.64982
6.66013
6.65808
6.65194
6.62531
6.64883
6.66112
6.63651
6.6816
6.63248
6.6488
6.65808
6.63859
6.65398
6.65498
6.6417
6.66112
6.68566
6.66723
6.66317
6.65498
6.66518
6.66211
6.65187
6.66013
6.66211
6.63654
6.67136
6.66829
6.6673
6.67341
6.83418
6.74406
6.67341
6.64678
6.65187
6.64269
6.64781
6.66214
6.65293
6.63965
6.66112
6.64986
6.74714
6.70826
6.62627
6.63958
6.66518
6.63859
6.65187
6.63754
6.6519
6.63658
6.65702
6.63347
6.66317
6.65802
6.64477
6.64778
6.67235
6.62835
6.6744
6.64266
6.64266
6.64576
6.656
6.6601
6.67136
6.66624
6.65706
6.64064
6.66317
6.64371
6.68672
6.6447
6.68157
6.65699
6.65501
6.6673
6.67341
6.64778
6.65907
6.62531
6.6857
6.64576
6.6417
6.64576
6.65805
6.6417
6.65494
6.6263
6.66624
6.67133
6.68566
6.64675
6.64064
6.66112
6.65706
6.63859
6.62218
6.63757
6.64989
6.64576
6.63962
6.65494
6.65805
6.66211
6.66723
6.66928
6.64883
6.64982
6.6447
6.69184
6.66522
6.656
6.68365
6.64163
6.65501
6.66013
6.67446
6.63962
6.59869
6.66013
6.65904
6.65904
6.63146
6.7113
6.67955
6.656
6.656
6.65907
6.66422
6.63043
6.64781
6.65398
6.63245
6.64989
6.67235
6.66928
6.5577
6.66525
6.56176
6.66317
6.67133
6.64368
6.65293
6.66115
6.69286
6.64883
6.6673
6.68061
6.58538
6.57712
6.57002
6.5567
6.66419
6.64163
6.67136
6.65296
6.64778
6.65088
6.66006
6.63654
6.65293
6.65398
6.59046
6.66317
6.66419
6.55155
6.6417
6.63859
6.65699
6.5823
6.56384
6.5751
6.67648
6.6519
6.68163
6.55053
6.65702
6.65494
6.55254
6.53312
6.66218
6.57405
6.5423
6.69082
6.65392
6.64675
6.6601
6.54336
6.55155
6.54336
6.53725
6.53725
6.55258
6.56282
6.53312
6.68054
6.65501
6.66624
6.66934
6.62941
6.7144
6.74102
6.57101
6.58122
6.60173
6.55773
6.58435
6.58842
6.57718
6.58742
6.58534
6.68058
6.70822
6.74714
6.66522
6.6601
6.5649
6.56998
6.53824
6.55462
6.66317
6.64886
6.65088
6.54746
6.66317
6.56077
6.65194
6.66931
6.6703
6.67133
6.5536
6.54128
6.54749
6.68266
6.53002
6.56896
6.66934
6.56694
6.66518
6.66723
6.66112
6.6816
6.64778
6.67648
6.64989
6.63654
6.64781
6.6785
6.53923
6.66525
6.64883
6.65088
6.5536
6.71536
6.8864
6.39181
6.38976
6.42765
