3.1744
3.14675
3.15494
3.15085
3.29933
3.14982
3.16826
3.15085
3.17133
3.16518
3.16416
3.16211
3.15699
3.15392
3.13446
3.1447
3.13958
3.13242
3.14982
3.13958
3.15392
3.14061
3.14573
3.14061
3.1488
3.14266
3.1447
3.15494
3.13344
3.14368
3.14163
3.1447
3.14266
3.14368
3.15494
3.15699
3.15085
3.15392
3.28602
3.17952
3.14778
3.14163
3.15085
3.14368
3.13242
3.14061
3.13958
3.12934
3.15494
3.15699
3.13958
3.15392
3.13651
3.1447
3.14778
3.15187
3.14778
3.15802
3.15597
3.15798
3.1488
3.14061
3.13958
3.14573
3.14163
3.14266
3.14163
3.15187
3.13446
3.14675
3.15085
3.15802
3.16006
3.14778
3.13754
3.14368
3.14266
3.14778
3.13754
3.14266
3.15187
3.14778
3.13242
3.1529
3.14266
3.14675
3.15494
3.13958
3.14163
3.15699
3.13344
3.1447
3.16416
3.13651
3.15392
3.14778
3.1447
3.14163
3.14266
3.14368
3.1529
3.1529
3.15802
3.14061
3.13242
3.14061
3.1488
3.13958
3.1447
3.13651
3.14573
3.14266
3.1447
3.14982
3.13958
3.13958
3.13754
3.15392
3.14675
3.15597
3.1447
3.14368
3.1488
3.13139
3.15597
3.13856
3.15085
3.14368
3.15085
3.15085
3.13958
3.14778
3.13446
3.14368
3.1447
3.15494
3.13549
3.1447
3.13037
3.14266
3.13344
3.14778
3.1488
3.12934
3.13037
3.1529
3.13242
3.14266
3.15699
3.13958
3.4816
3.14982
3.16314
3.14778
3.15699
3.17133
