16.1198
16.3133
16.0635
16.3236
16.0932
16.3257
16.3113
16.341
16.0512
16.3369
15.0313
15.1562
14.9975
15.1532
14.9975
15.1552
14.9955
15.1204
15.0108
15.1429
15.0159
15.1542
15.0292
15.1685
15.0108
15.1501
15.0036
15.1583
15.0323
15.1613
14.9586
15.1562
15.0159
15.147
14.9893
15.1644
15.0098
15.1511
15.0067
15.1532
14.9985
15.5269
14.9217
15.1593
14.9985
15.1542
15.0364
15.1583
14.9934
15.1542
15.0354
15.1634
14.9903
15.3805
15.2863
15.3385
15.0548
15.1736
14.9187
15.1654
14.9064
15.1562
14.9268
15.1276
14.9955
15.1521
14.977
15.1409
14.9688
15.1572
14.976
15.1327
14.9617
15.3446
15.362
15.2934
15.0129
15.1654
14.9965
15.1204
14.9852
15.1163
14.9668
15.1583
14.9821
15.1214
14.9811
15.1583
15.018
15.1347
14.9555
15.1071
14.9473
15.1491
14.9678
15.1368
14.9893
15.0815
14.9883
15.145
14.9883
15.1388
14.9924
15.148
14.9678
15.146
14.9811
15.1501
14.9862
15.1265
15.0139
15.1286
14.9975
15.1521
14.9309
15.1347
14.9688
15.1347
14.9873
15.1306
14.9801
15.1439
14.9678
15.1194
14.9699
15.1347
14.9627
15.1224
15.0006
15.1163
14.974
15.145
14.9729
15.1327
14.9576
15.1419
14.9893
15.1501
14.977
15.1194
14.9873
15.1583
15.0118
15.146
14.9955
15.1634
14.9565
15.1142
14.978
15.1306
14.9883
15.1439
14.9668
15.1552
14.9033
15.1613
14.9873
15.1532
15.0139
15.1235
14.9965
15.1327
14.9187
15.1337
14.975
15.1194
14.8992
15.1368
14.9944
15.1491
14.9709
15.1286
14.9832
15.1624
14.9883
15.1235
14.9699
15.1542
14.974
15.1726
14.9801
15.147
15.1255
15.1368
15.1245
15.145
15.1634
15.1378
15.1419
15.1327
15.1388
15.1286
15.1316
15.1194
15.1142
15.1521
15.1532
15.1368
15.1337
15.1675
15.1009
15.1665
15.1276
15.1634
15.1501
15.1388
15.1583
15.1265
15.1808
15.1736
15.0415
15.1665
15.1716
15.1777
15.1654
15.1613
15.1194
15.2095
15.0026
15.1327
14.9996
15.191
14.9555
15.1562
15.0006
15.2156
15.1818
15.146
15.0446
15.1327
15.1613
15.1788
14.9402
15.1562
15.0098
15.1521
15.0139
15.1419
15.0364
15.1808
15.0313
15.1869
14.9996
15.146
15.0395
15.1613
14.9217
15.1736
15.0129
15.2084
15.0467
15.188
15.0344
15.1808
15.0006
15.1716
15.0508
15.1757
15.1941
15.0477
15.2003
15.0282
15.1511
15.1798
15.1839
15.0436
15.188
14.9955
15.1736
15.0426
15.1828
15.1757
15.1788
15.1757
15.189
15.1675
15.19
15.0497
15.1931
15.0446
15.1962
15.0743
15.1562
15.0641
15.1982
15.0426
15.1747
15.0231
15.1931
15.1747
15.1931
15.019
15.1695
15.0477
15.2248
15.0548
15.1777
15.1982
15.2064
15.1757
15.1316
15.0333
15.1767
15.1685
15.1726
15.1941
15.2013
15.0036
15.1849
15.1767
15.1613
15.2013
15.1962
15.2095
15.2095
15.1767
15.1706
15.1603
15.2023
15.1828
15.1798
15.2218
15.1777
15.2146
15.1972
15.0395
15.1685
15.1593
15.1962
15.1654
15.1695
15.2146
15.2003
15.0508
15.2136
15.0374
15.1747
14.9596
15.1828
14.9729
15.191
14.9586
15.2013
14.9729
15.1757
15.0559
15.1593
15.0395
15.19
15.06
15.1859
14.9627
15.1869
14.9627
15.2054
14.9361
15.1736
15.02
15.1849
14.9484
15.1788
14.9729
15.1716
15.0252
15.1941
15.0774
15.2074
14.9647
15.2074
14.9637
15.1706
14.9463
15.2054
14.9627
15.1962
14.9289
15.2023
14.9443
15.1982
14.9514
15.2105
14.9688
15.2033
14.9207
15.2166
14.9586
15.188
14.934
15.1777
14.9453
15.188
15.0395
15.1757
14.978
15.2033
14.9391
15.19
14.9576
15.1849
14.9535
15.1931
14.9545
15.1859
15.0077
15.1521
15.0333
15.1941
14.9248
15.188
14.932
15.1747
14.9535
15.1726
15.0589
15.1828
14.9842
15.1593
14.932
15.1859
15.017
15.1767
14.9197
15.1624
14.976
15.2033
14.9473
15.1695
14.9289
15.1675
15.0518
15.2228
15.0159
15.1828
15.0221
15.1747
15.0354
15.188
15.0221
15.1634
15.0026
15.1624
15.0221
15.1706
15.0456
15.1593
15.1962
15.1951
15.1542
15.1562
15.1491
15.1716
15.1736
15.1521
15.1388
15.1992
15.02
15.1603
15.1398
15.1726
15.1511
15.1572
15.148
15.1562
15.1286
15.1583
15.1552
15.1675
15.1337
15.1572
15.1572
15.1235
15.1194
15.104
15.1419
15.1562
15.1675
15.1491
15.147
15.1337
15.1491
15.147
15.1306
15.148
15.1316
15.1409
15.1562
15.1132
15.1398
15.1439
15.1491
15.1552
15.1532
15.1593
15.1306
15.1214
15.1286
15.1327
15.1613
15.1685
15.0784
15.1194
15.1296
15.1347
15.1419
14.8787
15.1183
15.1419
14.9309
15.1173
15.0897
14.8931
15.1224
15.1296
14.89
15.1245
15.1276
14.9238
15.1101
15.1306
14.8664
15.0927
15.1296
14.889
15.1071
15.1316
14.8818
15.1214
15.1337
14.9084
15.1224
15.1603
15.1511
15.1112
15.1091
14.8685
15.1368
15.1183
14.8869
15.1173
15.1265
14.8849
15.1316
15.1204
15.1255
15.1286
15.1163
15.103
15.0897
15.1296
14.8726
15.102
15.1245
14.9791
15.1122
15.103
14.8787
15.0989
15.1153
14.9699
15.1286
15.1316
15.1409
15.1235
15.1204
15.0344
15.1091
15.0907
14.9832
15.1081
15.0938
14.9043
15.0897
15.1388
14.9115
15.1245
15.1972
14.9985
15.1593
15.146
14.9012
15.1091
15.1122
15.102
15.1316
15.1552
15.0548
15.1183
15.1183
15.1398
15.1163
14.9729
15.1439
15.1296
15.1183
15.1521
15.1245
15.1501
15.1419
15.1265
15.1388
15.1429
15.1429
15.1521
14.9156
15.1419
15.1224
15.1562
15.1071
15.1265
15.1675
15.1194
15.1296
15.1552
15.1286
15.0917
15.1695
15.0006
15.1603
15.1398
14.9955
15.1265
15.0252
15.1603
15.0149
15.145
15.0006
15.1306
14.9862
15.1306
15.0088
15.1101
15.0262
15.1665
15.0098
15.1357
14.9955
15.1398
15.0016
15.1757
15.0098
15.1603
14.8818
15.145
15.0385
15.1388
14.9842
15.1327
14.9862
15.1542
15.0047
15.1194
15.0098
15.1583
14.9914
15.1163
14.9965
15.1439
15.0036
15.1818
15.0047
15.1214
15.0057
15.1593
15.0211
15.1378
14.9791
15.1685
15.0241
15.1194
14.9903
15.1757
15.1716
15.4593
15.2504
15.3774
15.5607
15.4511
15.36
15.3119
15.5566
15.148
15.2822
15.2678
15.1347
15.2852
15.1378
15.2914
15.1429
15.317
15.2228
15.2218
15.0159
15.2392
15.018
15.232
14.9955
15.2218
15.1644
15.2084
15.0149
15.1593
14.9934
15.145
14.9975
15.1163
15.0221
15.1644
14.9914
15.2453
15.0088
15.1828
14.9965
15.1357
14.9955
15.1491
15.0118
15.148
14.9791
15.1583
14.975
15.1265
15.0149
15.1583
14.9893
15.1511
15.0057
15.1276
15.0129
15.1368
15.0241
15.1665
15.0088
15.2248
14.9934
15.1583
14.9627
15.1593
14.9924
15.1665
14.9914
15.2218
14.9893
15.1398
15.02
15.1163
14.9883
15.1501
15.1491
15.0077
15.1245
14.9647
15.1491
15.1962
14.9944
15.145
14.9944
15.1552
14.9996
15.1357
15.0129
15.1542
15.0118
15.1572
14.9985
15.1521
15.1624
14.9658
15.1419
15.1327
15.017
15.1286
14.9914
15.1572
14.978
15.1398
15.0129
15.1378
14.9709
15.1204
14.9801
15.1716
14.9729
15.1511
15.0159
15.1357
14.977
15.1419
14.974
15.1101
14.9893
15.1224
15.1603
14.9678
15.1357
15.1409
14.9668
15.1542
14.9524
15.1388
14.9729
15.1173
14.9893
15.1142
14.976
15.1173
14.9535
15.1306
15.1235
14.9658
15.1613
14.9658
15.0958
14.9873
15.1163
14.9811
15.1183
14.9893
15.1204
14.9801
15.1388
14.9463
15.105
14.9524
15.1337
14.9484
15.1368
14.9862
15.1347
15.1532
15.5228
14.8838
