12.2921
12.3054
12.3044
12.4088
12.3945
12.3023
12.4344
12.5502
12.2757
11.4975
11.5016
11.519
11.5159
11.5067
11.4964
11.519
11.4842
11.5231
11.5241
11.5118
11.5118
11.4627
11.4964
11.4729
11.5139
11.4893
11.478
11.477
11.5128
11.5005
11.4842
11.5108
11.5016
11.4842
11.522
11.4852
11.5149
11.4893
11.5026
11.4872
11.4883
11.5026
11.5057
11.4883
11.5098
11.4893
11.52
11.4893
11.5149
11.5169
11.5067
11.4729
11.4893
11.5026
11.5159
11.4964
11.5282
11.5169
11.5159
11.478
11.4831
11.4749
11.5661
11.5507
11.5569
11.561
11.5886
11.5395
11.4708
11.519
11.5558
11.5763
11.5292
11.5814
11.5681
11.6132
11.5835
11.564
11.6265
11.606
11.564
11.5681
11.5763
11.4821
11.5876
11.5558
11.5159
11.561
11.563
11.6265
11.6429
11.5036
11.5036
11.5036
11.5159
11.5261
11.5251
11.5292
11.4924
11.5087
11.5364
11.5159
11.5128
11.5302
11.4852
11.5087
11.5139
11.4534
11.479
11.5282
11.5118
11.5374
11.5159
11.4883
11.519
11.518
11.5282
11.5364
11.4801
11.5067
11.5108
11.5436
11.4934
11.5128
11.4954
11.5077
11.5323
11.5036
11.4893
11.4944
11.5292
11.5118
11.52
11.5302
11.5149
11.5251
11.5108
11.5292
11.5139
11.522
11.521
11.519
11.5415
11.5415
11.5118
11.5149
11.5313
11.5087
11.5077
11.5333
11.518
11.5087
11.4985
11.52
11.5988
11.5343
11.518
11.4964
11.5436
11.5077
11.5476
11.5231
11.5395
11.5282
11.5046
11.5415
11.5282
11.5251
11.5077
11.5528
11.5558
11.5446
11.5282
11.5231
11.4883
11.5343
11.5343
11.5261
11.5661
11.5333
11.5005
11.5149
11.5231
11.5507
11.5036
11.4883
11.5118
11.5313
11.4883
11.5005
11.4698
11.522
11.5251
11.521
11.5118
11.5323
11.5241
11.5302
11.5057
11.5026
11.5364
11.5087
11.5313
11.4749
11.4944
11.5354
11.5282
11.5302
11.5087
11.7402
11.5958
11.5077
11.5098
11.564
11.5282
11.5395
11.5251
11.5538
11.52
11.522
11.5558
11.692
11.6347
11.5231
11.4975
11.5087
11.5507
11.4975
11.5016
11.5323
11.4964
11.5282
11.5374
11.5036
11.4668
11.5067
11.4893
11.5077
11.5323
11.5395
11.476
11.5538
11.522
11.5057
11.5118
11.519
11.5302
11.5077
11.5149
11.5026
11.519
11.5077
11.4944
11.5272
11.5098
11.52
11.518
11.5517
11.5077
11.4893
11.5077
11.5538
11.5292
11.5251
11.522
11.4975
11.521
11.4821
11.4985
11.521
11.5538
11.5098
11.5251
11.5251
11.521
11.5425
11.4913
11.5241
11.4811
11.5282
11.519
11.5149
11.5067
11.5139
11.4964
11.4872
11.5005
11.5292
11.4801
11.562
11.518
11.5149
11.5169
11.519
11.5272
11.5118
11.5425
11.5026
11.5159
11.5517
11.5333
11.5487
11.5251
11.5169
11.5282
11.519
11.5149
11.5681
11.5569
11.5016
11.5016
11.4872
11.4913
11.4872
11.4719
11.4801
11.5046
11.5333
11.5149
11.5098
11.5005
11.5302
11.5415
11.5108
11.5108
11.4893
11.5169
11.4708
11.5005
11.5241
11.5005
11.5067
11.478
11.5169
11.6572
11.5661
11.5507
11.5251
11.5261
11.5169
11.518
11.4924
11.5364
11.5405
11.5169
11.5108
11.6398
11.5651
11.4616
11.5026
11.5118
11.4842
11.4688
11.5005
11.5149
11.5169
11.5005
11.4924
11.4586
11.479
11.4729
11.4913
11.5036
11.5005
11.5108
11.4719
11.5077
11.4995
11.4975
11.477
11.5128
11.5098
11.5016
11.6705
11.5046
11.4862
11.5067
11.4985
11.4862
11.5046
11.4749
11.5005
11.4883
11.4913
11.479
11.4954
11.4831
11.4852
11.5128
11.4995
11.4944
11.5067
11.4862
11.4995
11.4964
11.5159
11.4934
11.5149
11.478
11.5016
11.4883
11.5077
11.52
11.4616
11.4903
11.4893
11.4801
11.4698
11.6675
11.5005
11.5005
11.4893
11.4903
11.4657
11.5272
11.4821
11.4975
11.5087
11.5057
11.5282
11.52
11.4893
11.5026
11.5016
11.4964
11.5241
11.5139
11.4565
11.5046
11.4924
11.5005
11.4893
11.5036
11.5026
11.4862
11.4606
11.5159
11.4616
11.5016
11.4688
11.477
11.4801
11.5057
11.4964
11.4995
11.4964
11.4903
11.5036
11.5077
11.4657
11.4545
11.5272
11.5005
11.4975
11.5139
11.4995
11.4995
11.522
11.5139
11.5026
11.4954
11.4739
11.4975
11.5016
11.4944
11.5251
11.734
11.8804
11.5763
11.5169
11.5098
11.4842
11.5374
11.5159
11.476
11.5046
11.4934
11.5036
11.5159
11.5169
11.4811
11.4944
11.4934
11.5159
11.6859
11.6081
11.4801
11.5538
11.5241
11.5272
11.5067
11.5343
11.5036
11.5333
11.5302
11.5456
11.69
11.561
11.4924
11.5487
11.5323
11.5251
11.4883
11.4862
11.4842
11.4924
11.4852
11.4934
11.4975
11.5026
11.5261
11.4903
11.476
11.4575
11.5149
11.5313
11.5128
11.6777
11.5282
11.5077
11.5364
