10.41
10.4653
10.4755
10.5011
10.4755
10.5902
10.4622
10.6598
10.5912
9.73824
9.8857
9.69011
9.70445
9.69011
9.69523
9.68499
9.71878
9.7024
9.69421
9.69523
9.69421
9.7065
9.67066
9.67885
9.69728
9.6809
9.68499
9.68806
9.68806
9.69933
9.71264
9.70138
9.70138
9.6983
9.69318
9.69421
9.69933
9.72595
9.69114
9.70957
9.67578
9.68806
9.67885
9.68499
9.69728
9.71571
9.71264
9.70445
9.69626
9.70547
9.67782
9.70035
9.69318
9.68602
9.68499
9.68602
9.72595
9.71366
9.69626
9.69011
9.70342
9.71776
9.71264
9.7065
9.68806
9.71571
9.71674
9.69626
9.67782
9.68294
9.66246
9.70445
9.69626
9.69626
9.68499
9.69626
9.69114
9.67782
9.80378
9.69216
9.67475
9.68909
9.68499
9.69318
9.67987
9.69933
9.69421
9.72186
9.69626
9.66451
9.67885
9.68602
9.68602
9.65632
9.6768
9.66042
9.68192
9.6809
9.71264
9.69216
9.70752
9.69216
9.69011
9.69318
9.68294
9.69216
9.69318
9.67373
9.67987
9.66963
9.68602
9.68602
9.69728
9.69933
9.69318
9.69728
9.66656
9.68397
9.69114
9.66963
9.70445
9.78534
9.69216
9.68397
9.69114
9.6809
9.67885
9.7024
9.69626
9.68294
9.66861
9.69626
9.68806
9.70138
9.69728
9.6983
9.68909
9.68906
9.71571
9.69216
9.69523
9.69114
9.68499
9.69011
9.69626
9.68704
9.71264
9.70445
9.70752
9.68499
9.69728
9.70445
9.6983
9.6768
9.68499
9.68806
9.6809
9.65632
9.71059
9.69728
9.7065
9.67782
9.67578
9.70035
9.7024
9.69626
9.68192
9.68806
9.68704
9.6768
9.67987
9.68909
9.66861
9.67168
9.69216
9.68602
9.69421
9.69728
9.67782
9.69933
9.71264
9.68806
9.67987
9.67373
9.68397
9.67885
9.69114
9.66144
9.68192
9.69114
9.70547
9.68602
9.71776
9.69626
9.68192
9.66963
9.71162
9.71878
9.65222
9.7024
9.7065
9.6768
9.71981
9.70342
9.66963
9.68192
9.69523
9.68704
9.6727
9.66144
9.68704
9.69626
9.6809
9.69114
9.7239
9.66042
9.69626
9.6768
9.6809
9.69933
9.67475
9.7065
9.71878
9.71571
9.71059
9.67987
9.71366
9.71776
9.71571
9.67782
9.69114
9.68806
9.69523
9.69626
9.69011
9.66349
9.67066
9.70854
9.69318
9.72902
9.69114
9.66656
9.69216
9.67987
9.6727
9.6768
9.70547
9.69114
9.69421
9.67066
9.69421
9.69216
9.68294
9.6809
9.69523
9.68192
9.67168
9.67373
9.69011
9.68294
9.70035
9.70342
9.67987
9.67987
9.69523
9.69523
9.71674
9.68192
9.67782
9.70342
9.68909
9.71878
9.68499
9.68192
9.72595
9.69728
9.69011
9.70547
9.69626
9.68397
9.67168
9.69114
9.69523
9.69421
9.6983
9.69933
9.71366
9.70445
9.69011
9.71469
9.67168
9.69114
9.68397
9.68909
9.71366
9.71981
9.70342
9.69523
9.71878
9.72288
9.70752
9.68806
9.69933
9.68806
9.72493
9.70547
9.69114
9.6809
9.70854
9.68806
9.69523
9.69318
9.73722
9.68499
9.70445
9.72902
9.70342
9.69523
9.72083
9.69728
9.69318
9.76794
9.71366
9.7024
9.73517
9.70138
9.6809
9.71059
9.71162
9.69011
9.69114
9.69933
9.6983
9.69318
9.69421
9.66554
9.7024
9.70445
9.67478
9.68909
9.73005
9.6768
9.7065
9.71469
9.72288
9.7024
9.68704
9.70138
9.69318
9.67987
9.69011
9.7024
9.69011
9.70752
9.68806
9.69114
9.67578
9.67987
9.69421
9.67987
9.70035
9.67782
9.6809
9.69011
9.7065
9.7065
9.6727
9.72288
9.69728
9.7065
9.70752
9.69523
9.70752
9.69011
9.72493
9.6983
9.70957
9.69933
9.72698
9.71981
9.71264
9.7239
9.69315
9.7065
9.69421
9.68499
9.70138
9.69626
9.71366
9.81709
9.6983
9.6983
9.7065
9.69933
9.68704
9.69318
9.71981
9.7065
9.68704
9.6809
9.69626
9.69728
9.69216
9.70854
9.70138
9.69421
9.7065
9.70445
9.70547
9.69626
9.70035
9.7239
9.71162
9.70547
9.70547
9.68294
9.6983
9.68499
9.7065
9.68704
9.69933
9.70445
9.69523
9.7065
9.69626
9.71264
9.71674
9.73414
9.71981
9.67987
9.71366
9.70957
9.69011
9.72288
9.68806
9.70342
9.73926
9.71366
9.70138
9.70138
9.7024
9.71878
9.73619
9.71059
9.69933
9.70957
9.71674
9.71878
9.70957
9.72186
9.71469
9.70547
9.69523
9.70957
9.71878
9.72288
9.71571
9.70957
9.73005
9.71776
9.72186
9.72493
9.71674
9.70138
9.71366
9.7321
9.71264
9.70957
9.73107
9.73005
9.73107
9.69626
9.72595
9.68806
9.70445
9.69011
9.71878
9.69523
9.6809
9.70547
9.69216
9.69114
9.69523
9.6983
9.72288
9.69318
9.70445
9.7065
9.71776
9.70035
9.72186
9.72595
9.7321
9.69318
9.7239
9.69216
9.71571
9.7321
9.71981
9.70138
9.75565
9.69421
9.71776
9.7065
9.72186
9.70854
9.69318
9.71059
9.70854
9.72186
9.69728
9.70957
9.72288
9.71776
9.71264
9.72902
9.69728
9.71571
9.70752
9.68397
9.74131
9.71674
9.73619
9.70035
9.70957
9.68806
9.71162
9.71878
9.7024
9.7321
9.71366
9.69933
9.70445
9.68704
9.73312
9.72493
9.71264
9.72698
9.69216
9.71776
9.69523
9.71162
9.74336
9.72698
9.74438
9.72083
9.71674
9.70445
9.72186
9.71469
9.69114
9.74848
9.71674
9.7024
9.70957
9.7065
9.69318
9.72288
9.71571
9.7024
9.71571
9.73312
9.71264
9.69933
9.72186
9.71469
9.72698
9.71264
9.72083
9.71162
9.71059
9.69114
9.69626
9.68192
9.70752
9.6983
9.70752
9.7065
9.72186
9.73619
9.8007
9.7239
9.71776
9.70854
9.72186
9.70957
9.72083
9.71059
9.75155
9.71366
9.73517
9.70138
9.72595
9.70547
9.7536
9.74438
9.71264
9.70854
9.7239
9.72902
9.71674
9.72698
9.72902
9.728
9.7024
9.71366
9.72288
9.69626
9.70547
9.67168
9.71674
9.71981
9.69728
9.70957
9.71469
9.71981
9.70445
9.67987
9.70752
9.7065
9.71469
9.73414
9.73312
9.72698
9.71162
9.70342
9.70547
9.68806
9.68192
9.70342
9.71981
9.72288
9.728
9.71059
9.70138
9.72902
9.72186
9.71674
9.70445
9.72288
9.7239
9.71469
9.7024
9.7065
9.7024
9.71571
9.7239
9.73414
9.7065
9.70445
9.72083
9.72083
9.71366
9.71469
9.71981
9.72288
9.72595
9.72595
9.69933
9.7065
9.71878
9.70342
9.70138
9.68704
9.69523
9.73414
9.72698
9.68192
9.71162
9.69011
9.7239
9.72595
9.71366
9.69011
9.72186
9.72595
9.72902
9.68602
9.71981
9.69114
9.71571
9.70445
9.71674
9.7239
9.7321
9.72186
9.70854
9.69728
9.68806
9.72493
9.71366
9.71059
9.71162
9.71776
9.7065
9.70445
9.69421
9.68602
9.71059
9.70342
9.70035
9.67168
9.72288
9.68294
9.70854
9.70035
9.70854
9.69421
9.71674
9.71674
9.70342
9.67987
9.71264
9.67475
9.69421
9.69523
9.71878
9.69216
9.69933
9.69318
9.71366
9.67782
9.6768
9.70752
9.71162
9.71469
9.71264
9.70445
9.68909
9.68602
9.7024
9.68704
9.68704
9.69523
9.69216
9.6983
9.70752
9.72288
9.69318
9.7024
9.69933
9.71162
9.67066
9.69114
9.68909
9.73414
9.71059
9.69626
9.71366
9.66656
9.67987
9.7024
9.68602
9.70138
9.70854
9.69728
9.68397
9.69933
9.70547
9.6983
9.70138
9.6809
9.71162
9.68294
9.71059
9.69728
9.70035
9.68294
9.72698
9.68806
9.70547
9.69626
9.79251
9.68704
9.68909
9.69216
9.70445
9.69933
9.72083
9.67885
9.71776
9.68806
9.69421
9.70035
9.69933
9.68499
9.69114
9.71878
9.69626
9.7024
9.71469
9.7065
9.7065
9.70957
9.69728
9.70342
9.69216
9.6768
9.67373
9.68397
9.6809
9.65325
9.69523
9.7065
9.69626
9.67578
9.70138
9.71162
9.68294
9.70342
9.67578
9.6983
9.68397
9.6512
9.71981
9.6727
9.66451
9.69421
9.66042
9.66963
9.66963
9.66451
9.68704
9.65837
9.7065
9.69626
9.69318
9.69626
9.66861
9.67475
9.68397
9.68909
9.66963
9.68294
9.7065
9.72698
9.68294
9.71469
9.73312
9.69421
9.69114
9.6768
9.71674
9.71059
9.68499
9.70957
9.69421
9.67782
9.66246
9.6768
9.69216
9.68397
9.7024
9.69626
9.69011
9.70752
9.69523
9.71571
9.70752
9.71162
9.69725
9.68192
9.67782
9.68806
9.68294
9.69933
9.7024
9.80685
9.74234
9.69728
9.69216
9.69933
9.70752
9.68397
9.71366
9.66656
9.68602
9.68192
9.69011
9.68704
9.68909
9.69421
9.66144
9.70445
9.70138
9.68499
9.72288
9.69523
9.71981
9.67885
9.6983
9.69728
9.73517
9.68704
9.69011
9.68909
9.71571
9.7024
9.68499
9.66656
9.6983
9.6727
9.69933
9.68704
9.68602
9.69114
9.69728
9.6768
9.6983
9.7065
9.66042
9.71776
9.70957
9.73414
9.73414
9.72493
9.71366
9.70547
9.68195
9.70445
9.69523
9.70547
9.72288
9.7321
9.69114
9.7024
9.70138
9.67885
9.70138
9.69933
9.69626
9.69114
9.70342
9.70445
9.68294
9.67578
9.70752
9.69728
9.68294
9.69318
9.69318
9.69626
9.69421
9.68499
9.68909
9.71571
9.66042
9.69933
9.70653
9.7024
9.70138
9.69523
9.7024
9.68499
9.69728
9.68909
9.69421
9.71264
9.68704
9.69011
9.70445
9.71878
9.68499
9.69011
9.70035
9.67782
9.69216
9.69114
9.69421
9.69011
9.6983
9.73107
9.69318
9.70342
9.69216
9.68909
9.68294
9.7024
9.70342
9.69114
9.68499
9.69216
9.69114
9.68192
9.68909
9.70035
9.72493
9.67168
9.68704
9.69114
9.70957
9.7024
9.69626
9.6727
9.69523
9.70342
9.69728
9.6983
9.6983
9.69626
9.69011
9.66861
9.71878
9.68397
9.69728
9.67987
9.68397
9.7065
9.6983
9.68909
9.70445
9.71776
9.70035
9.68704
9.70752
9.70035
9.71469
9.68294
9.70138
9.71571
9.66963
9.68602
9.6809
9.6809
9.69114
9.69728
9.70342
9.70547
9.67782
9.71674
9.71162
9.69011
9.69011
9.69011
9.70138
9.66758
9.70547
9.71264
9.68602
9.68704
9.70342
9.6983
9.69318
9.6768
9.68602
9.69421
9.69011
9.70138
9.7024
9.66861
9.70752
9.68909
9.70752
9.68704
9.66349
9.68397
9.70752
9.67987
9.69114
9.68294
9.67782
9.71059
9.6809
9.71776
9.6983
9.6809
9.71674
9.73107
9.68397
9.69933
9.69933
9.68294
9.67475
9.67782
9.69114
9.7239
9.67885
9.66758
9.70445
9.70547
9.70957
9.6768
9.70854
9.67885
9.68909
9.68499
9.70035
9.70138
9.68192
9.69318
9.72698
9.74234
9.71264
9.71571
9.69114
9.70138
9.68192
9.69318
9.66554
9.69114
9.69728
9.6983
9.6809
9.67782
9.69216
9.70445
9.69421
9.70445
9.68909
9.69114
9.72083
9.6983
9.70957
9.69523
9.69933
9.71469
9.7065
9.70957
9.67987
9.69523
9.66451
9.68397
9.68806
9.69011
9.71059
9.69421
9.68192
9.67373
9.68704
9.6983
9.68499
9.67782
9.69421
9.69318
9.68602
9.67373
9.69011
9.69216
9.69933
9.69626
9.70854
9.66861
9.69523
9.70342
9.67373
9.67475
9.68806
9.69933
9.69318
9.67066
9.67987
9.6809
9.6809
9.69728
9.80378
9.6727
9.68499
9.67885
9.6983
9.67066
9.74029
9.69626
9.69114
9.68806
9.67475
9.67475
9.6553
9.66861
9.69523
9.67373
9.66758
9.67475
9.68192
9.6809
9.67987
9.6768
9.68294
9.69523
9.68294
9.6809
9.69421
9.6727
9.68806
9.69011
9.69114
9.69114
9.7024
9.67168
9.66554
9.69523
9.66963
9.67782
9.71776
9.70035
9.68294
9.67578
9.68397
9.69421
9.68294
9.67578
9.7024
9.68397
9.79968
9.66963
9.66042
9.7024
9.66758
9.67885
9.66656
9.65427
9.69318
9.6727
9.67578
9.68397
9.69114
9.66349
9.6727
9.68294
9.68397
9.67373
9.67475
9.66861
9.66861
9.68294
9.71674
9.67578
9.69216
9.69216
9.71162
9.68704
9.71366
9.68499
9.70445
9.69318
9.6727
9.68192
9.67066
9.6768
9.69421
9.70138
9.69626
9.69114
9.69933
9.68909
9.70752
9.69523
9.6768
9.69421
9.70957
9.71366
9.66861
9.71059
9.69523
9.68704
9.69114
9.70035
9.69421
9.71162
9.69114
9.70957
9.70035
9.69318
9.69421
9.67885
9.7065
9.70854
9.70035
9.67168
9.71878
9.69421
9.67168
9.71162
9.68192
9.67066
9.69216
9.66963
9.6727
9.66144
9.69421
9.69626
9.6983
9.66861
9.67066
9.69523
9.66758
9.67373
9.69728
9.65632
9.69318
9.68192
9.69011
9.67168
9.69318
9.67475
9.67782
9.6768
9.69933
9.69216
9.70342
9.70035
9.69216
9.68909
9.69626
9.70547
9.67475
9.69728
9.68192
9.6553
9.69216
9.68602
9.67373
9.67885
9.68909
9.70957
9.69728
9.6983
9.68192
9.71469
9.69933
9.7065
9.69318
9.69114
9.69421
9.7024
9.71878
9.72083
9.6809
9.70957
9.70854
9.69114
9.68602
9.69728
9.65325
9.67168
9.68294
9.66861
9.67373
9.66758
9.71162
9.67475
9.67168
9.68602
9.69728
9.68294
9.68806
9.68294
9.68704
9.66349
9.67782
9.69318
9.68909
9.68192
9.67782
9.69216
9.69933
9.68909
9.70547
9.69114
9.70445
9.71366
9.69011
9.69216
9.71469
9.68806
9.68704
9.69114
9.70957
9.66554
9.69114
9.67066
9.71981
9.70342
9.72698
9.68294
9.70445
9.69421
9.69933
9.6768
9.68602
9.68806
9.67987
9.67168
9.70342
9.67168
9.67373
9.66656
9.69114
9.66758
9.68294
9.67885
9.69114
9.69933
9.65939
9.69011
9.68602
9.65837
9.67066
9.68909
9.70854
9.69318
9.68397
9.68909
9.66656
9.66656
9.69728
9.8048
9.69933
9.70138
9.71469
9.68909
9.70854
9.67885
9.69626
9.68192
9.71162
9.66246
9.70445
9.71878
9.71776
9.67578
9.70547
9.6983
9.71059
9.69933
9.68602
9.69421
9.70957
9.71674
9.69728
9.69011
9.72698
9.70035
9.70957
9.67578
9.6809
9.68704
9.72902
9.70342
9.70854
9.69728
9.7065
9.68397
9.69933
9.69421
9.6727
9.68704
9.70035
9.65018
9.72902
9.66758
9.66554
9.65939
9.68499
9.65734
9.70138
9.69728
9.69421
9.69626
9.67578
9.70957
9.69114
9.67578
9.68602
9.70752
9.69114
9.69216
9.70342
9.68909
9.70854
9.69011
9.69933
9.69216
9.70138
9.68499
9.67475
9.68397
9.67578
9.68397
9.66554
9.67373
9.68704
9.68806
9.68397
9.66246
9.6809
9.66042
9.70547
9.67475
9.69728
9.65222
9.68294
9.66144
9.69011
9.66144
9.6809
9.67987
9.67885
9.72186
9.67168
9.68294
9.68499
9.65734
9.69011
9.65734
9.70342
9.67475
9.6727
9.69011
9.68294
9.65632
9.67782
9.6553
9.65837
9.66042
9.6512
9.66656
9.65325
9.66349
9.6727
9.66554
9.70138
9.65018
9.67168
9.66861
9.65734
9.67373
9.64608
9.66144
9.65837
9.65837
9.69011
9.68294
9.67987
9.67475
9.70445
9.65325
9.6768
9.71469
9.6256
9.67168
9.68294
9.68397
9.66144
9.68397
9.63482
9.67168
9.65734
9.62765
9.66758
9.68499
9.63891
9.64301
9.6809
9.79354
9.65632
9.6471
9.6512
9.65837
9.65734
9.6471
9.66758
9.66246
9.64915
9.63789
9.64096
9.64608
9.64198
9.65837
9.63584
9.62867
9.64198
9.66963
9.63379
9.63686
9.64608
9.66861
9.64813
9.65837
9.64813
9.64506
9.64403
9.64506
9.63891
9.64403
9.66246
9.62048
9.61126
9.63174
9.62253
9.6471
9.65222
9.64915
9.63891
9.64915
9.63789
9.72595
9.63891
9.64096
9.65427
9.64506
9.6512
9.63277
9.65632
9.68602
9.50272
9.40134
9.66656
9.63686
9.65222
9.65939
9.63994
9.61946
9.63584
9.63994
9.62662
9.62867
9.64096
9.61434
9.63584
9.62765
9.6471
9.62253
9.63277
9.63482
9.63379
9.6553
9.63277
9.63686
9.63891
9.61331
9.61843
9.62867
9.63072
9.6471
9.62867
9.61024
9.74029
9.64506
9.64915
9.64301
9.67168
9.60922
9.62253
9.63379
9.64608
9.64198
9.63584
9.63686
9.63686
9.63379
9.64813
9.61536
9.65734
9.64301
9.62355
9.61126
9.63072
9.63072
9.63994
9.63686
9.65325
9.61741
9.63584
9.62765
9.62662
9.65222
9.6471
9.61843
9.66246
9.61126
9.62458
9.61741
9.61638
9.6256
9.62355
9.62765
9.63891
9.61331
9.63994
9.62458
9.65018
9.62253
9.60819
9.61229
9.62253
9.62458
9.65018
9.60102
9.62048
9.63686
9.63686
9.63174
9.63994
9.62253
9.62048
9.64813
9.62662
9.61229
9.62458
9.6512
9.60512
9.64403
9.61843
9.6297
9.64301
9.6297
9.6297
9.64506
9.6215
9.63277
9.65837
9.64096
9.62867
9.60922
9.61843
9.63379
9.62458
9.6256
9.63174
9.63174
9.62867
9.64403
9.63891
9.62765
9.63584
9.61434
9.63482
9.64813
9.62867
9.62458
9.64198
9.63277
9.64096
9.63277
9.63584
9.63277
9.76998
9.63174
9.64096
9.62458
9.64096
9.61946
9.64301
9.62048
9.6256
9.63379
9.61741
9.6297
9.60614
9.62458
9.62355
9.64198
9.63379
9.62867
9.61843
9.63379
9.63482
9.63072
9.61434
9.63686
9.64198
9.63072
9.64096
9.63482
9.65222
9.61536
9.65325
9.64301
9.62355
9.64915
9.62253
9.63379
9.62355
9.6553
9.62253
9.6256
9.64813
9.63789
9.63277
9.6471
9.64301
9.63584
9.64096
9.7751
9.62765
9.63379
9.6553
9.64403
9.64198
9.67373
9.63482
9.65734
9.64403
9.63584
9.6471
9.63686
9.63994
