16.0922
16.3226
16.1157
15.145
14.9893
15.1501
15.1194
15.1634
15.0016
15.1757
14.9821
15.1286
14.9996
15.1388
15.0088
15.1818
14.9658
15.1296
15.0047
15.1265
14.9842
15.1706
14.934
15.1941
14.9555
15.1695
14.9064
15.1368
14.9012
15.1235
14.9187
15.1869
14.9473
15.1532
15.1624
15.148
15.0108
15.1419
14.9115
15.1542
15.0006
15.1419
14.9883
15.1286
14.8828
15.1429
14.9074
15.1665
15.0211
15.1296
15.0252
15.1491
14.9975
15.1562
15.0057
15.1624
15.017
15.1276
15.0036
15.1286
15.0026
15.1388
14.9862
15.1132
14.9842
15.1204
14.9668
15.147
14.977
15.0907
14.9791
15.1398
14.977
15.0866
15.1839
15.1091
14.9842
15.1306
14.9668
15.1347
14.976
15.1194
14.9586
15.0907
14.9924
15.1409
14.9647
15.1521
14.9801
15.1439
14.9699
15.105
14.9996
15.0897
14.9637
15.1265
14.9576
15.1398
14.9535
15.104
14.9637
15.1245
14.9596
15.1173
14.9729
15.1624
14.9924
15.1265
14.9647
15.1593
14.9637
15.1357
14.9914
15.1388
15.2197
15.1296
14.9637
15.1327
14.9914
15.1296
14.9637
15.1071
14.975
15.102
14.9443
15.106
14.9811
15.1204
14.9606
15.1153
14.9914
15.1142
14.9596
15.1112
14.9473
15.1163
14.9883
15.0927
14.9617
15.1368
14.9514
15.1245
14.975
15.1388
14.9658
15.1388
14.9852
15.1613
14.9985
15.1214
15.0948
15.1224
14.9975
15.0845
15.1757
15.102
14.9535
15.0989
14.9719
15.1255
14.9637
15.1491
14.9811
15.1439
14.9709
15.1194
14.978
15.1276
14.9893
15.1419
14.9996
15.1112
14.9596
15.1132
14.9453
15.1091
14.9606
15.1142
14.974
15.103
15.0149
15.1296
14.9832
15.1429
14.9668
15.1286
14.9955
15.1491
15.0077
15.1316
14.9934
15.147
14.9873
15.1398
15.1972
15.1521
14.9791
15.1429
15.0036
15.1747
14.976
15.148
14.935
15.1255
15.018
15.1419
14.9627
15.1562
14.9842
15.1429
15.0088
15.1613
14.9914
15.1398
15.0077
15.1255
14.9801
15.1542
14.9985
15.1388
14.9985
15.1532
15.018
15.1798
14.9862
15.1941
14.975
15.1245
15.0057
15.1327
14.9924
15.1706
15.02
15.1378
15.3539
15.1726
15.0415
15.1235
14.9873
15.2084
14.9862
15.1695
15.0815
15.148
15.0303
15.1552
15.0354
15.1572
14.978
15.1634
15.019
15.1439
15.0098
15.1511
15.02
15.1552
15.0057
15.1603
15.0497
15.1624
15.104
15.1685
15.0067
15.1706
15.0149
15.1716
15.0118
15.1931
15.0426
15.1521
15.0077
15.1429
15.0518
15.3436
15.0702
15.1767
14.9893
15.1818
15.0344
15.1368
15.0159
15.1552
15.0835
15.1624
15.0436
15.1757
15.0354
15.1849
15.0671
15.1849
15.0579
15.1921
15.0231
15.1706
15.0344
15.1921
15.0057
15.1788
14.9996
15.2156
15.0374
15.1992
14.9985
15.1572
15.0497
15.1828
15.0374
15.1921
15.0323
15.1869
15.0436
15.2044
15.0487
15.2146
15.1388
15.1347
15.0282
15.1808
15.0047
15.1532
15.019
15.1859
15.0159
15.1593
15.0794
15.1613
15.0108
15.1839
14.9873
15.1716
15.0374
15.1542
15.0354
15.1716
15.0088
15.1706
15.019
15.1972
15.0405
15.145
14.9709
15.1675
14.9443
15.1757
14.9955
15.1869
14.9484
15.1593
14.9258
15.1962
14.9647
15.1788
14.9985
15.145
15.1368
15.1695
14.9524
15.1583
14.9637
15.1808
14.9084
15.1419
14.9381
15.188
14.9565
15.1562
14.9535
15.1388
14.9545
15.2105
14.9811
15.1818
14.9565
15.1695
14.9596
15.1644
14.9924
15.1869
14.9504
15.2136
14.9555
15.1931
14.9381
15.1695
14.9565
15.1839
14.9709
15.1706
14.9156
15.1941
14.935
15.1583
14.934
15.1532
15.1286
15.2084
14.9422
15.2166
14.9484
15.19
14.9545
15.2115
14.9279
15.1951
14.9412
15.1747
14.9504
15.1716
14.9811
15.2351
14.9606
15.1747
14.9576
15.1685
14.9504
15.1818
14.976
15.1798
14.9514
15.2013
14.9504
15.1634
14.9156
15.1665
14.9709
15.1583
14.9381
15.1409
14.9688
15.1747
14.974
15.189
14.9105
15.1828
15.105
15.1685
14.9402
15.1818
14.9524
15.1808
14.9514
15.1818
14.9565
15.1388
14.9094
15.1265
14.9268
15.1726
15.0108
15.1675
15.0313
15.1409
15.018
15.2054
15.0354
15.1654
14.9535
15.1562
15.0159
15.1777
15.0211
15.1706
15.0159
15.1398
15.0108
15.1409
14.9586
15.1153
14.9842
15.1552
14.9934
15.1204
14.9668
15.1521
15.2166
15.1532
14.9965
15.1265
14.9586
15.1286
15.0026
15.1562
15.0036
15.1296
14.9944
15.1357
14.9893
15.1542
15.0016
15.1429
15.0057
15.146
14.9576
15.1583
14.9535
15.103
15.0897
15.1142
15.1204
15.1245
15.1142
15.1398
15.1347
15.0856
15.1173
15.1245
15.1101
15.1777
15.1255
15.0743
15.0804
15.1286
15.0958
15.0897
15.1276
15.0968
15.2586
15.1132
15.104
15.1163
15.0999
15.1265
15.106
15.0897
15.147
15.1081
15.1337
15.1183
15.1173
15.0958
15.0999
15.1009
15.1071
15.0764
15.0979
15.1194
15.0815
15.0999
15.104
15.1142
15.0856
15.0794
15.146
14.9719
15.0968
15.1122
15.1163
15.1071
15.0989
15.1214
15.105
15.1245
15.1122
15.1091
15.1327
15.0958
15.1337
15.0794
15.2637
15.146
14.9565
15.1132
14.974
15.1091
14.9883
15.1276
14.9791
15.0927
14.9893
15.1306
14.9688
15.1153
14.9524
15.1265
14.9985
15.1071
14.978
15.102
14.9647
15.103
14.9965
15.104
15.0088
15.0927
14.9893
15.1276
14.9729
15.1419
15.0016
15.1337
15.0221
15.1409
14.9873
15.0979
15.0067
15.1224
15.1388
15.1388
15.2893
15.1153
14.975
15.0968
14.9862
15.1368
15.0057
15.1409
14.9914
15.1306
15.0077
15.1347
14.9606
15.1378
14.9944
15.106
14.9903
15.1194
15.1265
15.1286
14.9596
15.1409
14.974
15.1235
14.9719
15.1163
15.0036
15.1265
14.9719
15.1163
14.9658
15.1398
14.9862
15.1398
14.9842
15.1388
14.9811
15.1552
14.9955
15.1183
15.1839
15.1183
14.9514
15.1439
15.0026
15.1214
14.9914
15.1357
14.976
15.1347
14.9924
15.1286
14.9965
15.1521
15.0057
15.1532
15.0006
15.1675
15.0067
15.1532
14.9914
15.1419
15.0067
15.1532
15.0303
15.1665
15.0129
15.1613
15.0077
15.1869
14.9914
15.1429
15.0026
15.1491
15.0129
15.1429
14.9893
15.0999
14.9955
15.1818
15.231
15.1419
15.0211
15.1736
14.974
15.1419
14.9699
15.1634
14.9852
15.1521
14.9965
15.105
14.9914
15.1204
14.9934
15.1665
15.019
15.1337
14.9821
15.1634
14.9873
15.1327
15.0313
15.1439
14.9965
15.1357
15.0057
15.1603
14.9668
15.1153
15.1378
15.1347
14.9955
15.1593
14.9791
15.1398
15.0057
15.1337
15.1142
15.1071
15.1132
15.1173
15.0026
15.1316
15.1163
15.1491
15.1214
15.1593
15.0118
15.1409
15.0149
15.0968
15.0057
15.147
14.9678
15.1255
15.1122
15.1439
14.9862
15.1357
15.1265
15.1552
15.1122
15.1245
15.1439
15.1204
14.9842
15.1235
15.0077
15.1695
15.0036
15.1204
14.9924
15.1931
15.0016
15.1081
14.9965
15.1204
14.9668
15.1419
14.9924
15.148
14.9862
15.1634
14.975
15.1409
14.9668
15.1357
14.9893
15.1214
14.9678
15.1347
14.975
15.1276
14.9811
15.1276
14.9965
15.1214
14.9996
15.1644
14.9832
15.1706
14.9719
15.1368
14.9965
15.1235
14.9862
15.1071
15.1163
15.1255
14.9801
15.147
14.9985
15.1132
15.0026
15.104
14.9903
15.1368
14.9996
15.1101
15.2003
15.1132
14.9821
15.1235
14.9924
15.0784
14.9668
15.103
14.9494
15.1142
14.9709
15.0702
14.9586
15.1204
14.9637
15.103
14.9535
15.1101
14.8419
15.1235
14.8511
15.1337
14.8828
15.1132
14.8951
15.1245
14.89
15.106
14.8603
15.1327
14.8941
15.1552
14.9146
15.1255
14.8746
15.1224
14.8767
15.1378
14.8552
15.1214
15.1316
15.1316
14.9176
15.105
14.8828
15.1603
14.8337
15.1132
14.8593
15.0764
14.8675
15.1224
14.9268
15.1388
14.8705
15.105
14.8992
15.1388
14.8787
15.1153
14.8828
15.1245
14.9268
15.1388
14.9309
15.1112
14.9094
15.0958
14.89
15.1132
14.8777
15.1306
14.8419
15.1368
14.8664
15.1327
14.8808
15.1276
15.0159
15.1685
15.1081
15.1368
14.9033
15.1572
14.9023
15.1542
14.9002
15.1532
14.9309
15.1613
14.9064
15.1245
14.8808
15.1255
14.8797
15.1491
14.8705
15.1777
14.8726
15.0948
14.89
15.1378
14.8777
15.1224
14.9361
15.1757
14.9309
15.145
14.9033
15.1583
14.9053
15.1235
14.8736
15.1542
14.8746
15.1296
14.8982
15.1153
14.9115
15.1419
15.0712
15.1419
14.9146
15.147
14.9064
15.1409
14.8603
15.1276
14.8961
15.1532
14.9074
15.1337
14.8992
15.1101
14.8869
15.1255
14.8726
15.1357
14.8859
15.1327
14.9002
15.1337
14.8777
15.1521
14.9053
15.1419
14.8511
15.0999
14.8808
15.1163
14.8756
15.1265
14.8705
15.1214
14.892
15.1204
14.8808
15.1511
14.8972
15.1296
15.0784
15.1716
14.8541
15.1194
14.9012
15.1296
14.9135
15.0938
14.9084
15.1306
14.9166
15.145
14.8634
15.1112
14.849
15.1173
14.8623
15.1173
14.8388
15.1194
14.8777
15.1265
14.8859
15.1101
14.8541
15.1153
14.8337
15.06
14.8357
15.0518
14.8173
15.0661
14.8142
15.0886
14.8541
15.0774
14.8357
15.1122
14.848
15.0989
14.8562
15.1214
14.8746
15.0845
14.8275
15.0518
14.8275
15.0784
14.8521
15.06
14.8388
15.0753
14.8675
15.062
14.8255
15.1132
14.8204
15.0559
14.9678
15.0968
14.8081
15.0682
14.8244
15.0446
14.9484
15.0682
15.0753
15.06
15.0979
15.0845
15.0733
15.0764
15.063
15.0804
15.063
15.0856
15.0743
15.0579
15.0876
15.0682
15.0907
15.2177
15.0845
15.0743
15.061
15.0497
15.0897
15.0333
15.0641
15.0835
14.8828
15.0354
15.0467
14.807
15.02
15.0528
14.7999
15.0436
15.0364
14.8142
15.0907
15.0641
14.8019
15.0651
15.0436
14.7988
15.0651
15.0323
14.7804
15.0508
15.0374
14.805
15.0364
15.0508
14.8019
15.0077
15.0344
14.8931
15.0405
15.0651
14.805
15.0333
15.0753
14.8173
15.0313
15.2453
15.0292
15.0569
15.0354
14.8982
15.0272
15.018
14.8244
15.018
15.0415
14.805
14.9975
15.0139
14.8818
15.0241
15.0446
14.8091
15.0241
15.0651
14.8603
15.0405
15.0405
14.7753
14.9965
15.0118
14.8009
15.0313
15.0436
14.891
15.0231
15.0231
14.8685
15.017
15.0231
14.9156
15.0374
15.0467
14.8849
14.9852
15.0344
15.0487
15.0108
15.0661
14.8808
15.0067
15.017
15.0262
15.0282
15.0385
14.8818
14.9985
15.0405
14.8654
14.978
14.9914
14.9043
15.0016
15.0487
14.8644
14.9883
15.0108
14.8838
14.9965
15.0559
14.8777
15.0241
15.063
14.8941
15.0159
15.0108
14.8818
14.9811
15.0374
14.8572
15.0211
15.0262
14.8664
15.0159
15.0241
14.8634
15.0057
15.0282
14.8797
14.9862
14.9996
14.8972
15.0139
15.0395
14.8951
14.9965
15.0815
14.9197
14.9934
15.0303
14.8705
15.0118
15.0077
14.8183
15.0149
15.0159
14.8613
15.0303
15.0262
14.7896
15.0548
15.0426
14.7722
15.0231
15.0323
14.8285
15.0518
15.0692
14.7784
15.0221
15.0548
14.8326
15.02
15.0149
14.8849
15.02
15.0344
14.7835
15.0508
15.0395
14.763
15.0241
15.0415
14.8019
15.0252
15.0426
14.8091
15.0559
14.9975
14.8173
15.0262
15.0313
14.7712
15.0671
15.0569
