5.37293
5.64016
5.4743
5.58288
5.61053
5.60541
5.61661
5.59107
5.60022
5.56646
5.58899
5.59206
5.58694
5.59306
5.59824
5.58486
5.5849
5.58592
5.57981
5.57878
5.5767
5.58288
5.58794
5.58083
5.56954
5.57875
5.57258
5.57773
5.56752
5.56746
5.57571
5.58387
5.56541
5.59616
5.57571
5.74054
5.63818
5.5767
5.56749
5.57363
5.58288
5.57773
5.5736
5.59107
5.57158
5.58589
5.57158
5.71699
6.50243
6.41024
6.44611
6.46147
6.43994
6.43888
6.4184
6.42352
6.41642
6.44096
6.41942
6.42662
6.42662
6.44301
6.42458
6.40925
6.56688
6.48806
6.42253
6.43994
6.47171
6.46141
6.45427
6.47478
6.61194
6.4809
6.43994
6.44202
6.44918
6.45123
6.46246
6.48195
6.47782
6.47882
6.58534
6.51571
6.44093
6.40099
6.43792
6.42253
6.42659
6.43686
6.43686
6.62323
6.6857
6.15834
6.13885
