7.68512
7.93088
7.89504
7.91859
7.95235
8.30058
7.90528
7.91552
7.89299
7.92371
7.93802
7.93498
7.92784
7.9176
7.90323
7.91859
7.41171
7.37382
7.40147
7.3769
7.38509
7.39123
7.41478
7.39123
7.3984
7.38816
7.35846
7.29395
7.32672
7.36154
7.31546
7.33082
7.32467
7.35846
7.36051
7.3513
7.34413
7.35846
7.33594
7.36256
7.36461
7.37075
7.36666
7.3513
7.35232
7.36256
7.33389
7.34003
7.35437
7.33901
7.34003
7.3769
7.32365
7.34925
7.33798
7.35846
7.33798
7.34822
7.36256
7.34106
7.34925
7.34003
7.35334
7.35539
7.3472
7.30726
7.31648
7.32979
7.33286
7.3513
7.37792
7.34618
7.34618
7.34003
7.34822
7.35027
7.3513
7.33389
7.3431
7.34003
7.33286
7.33082
7.3472
7.33184
7.32774
7.36666
7.32979
7.34618
7.32058
7.33184
7.36051
7.35027
7.3472
7.34208
7.31136
7.33696
7.32877
7.32774
7.32672
7.3175
7.30931
7.32774
7.31955
7.30931
7.32774
7.32058
7.31034
7.30829
7.31238
7.32365
7.30214
7.31238
7.32058
7.31341
7.31853
7.31546
7.31546
7.30214
7.3257
7.34515
7.30522
7.31546
7.31955
7.3216
7.30624
7.32365
7.3472
7.32262
7.34515
7.32774
7.32979
7.33286
7.31443
7.32467
7.3001
7.31136
7.31034
7.31238
7.31648
7.31136
7.32877
7.30931
7.31034
7.31443
7.31648
7.30419
7.30726
7.3431
7.32058
7.2919
7.3001
7.31136
7.31648
7.33184
7.31546
7.34618
7.31955
7.33798
7.31443
7.31443
7.30624
7.31853
7.30726
7.31238
7.31136
7.33184
7.32058
7.31238
7.33082
7.31136
7.33389
7.31853
7.31853
7.2919
7.33286
7.35744
7.33798
7.31341
7.3257
7.3001
7.31341
7.32774
7.32877
7.33696
7.31136
7.32365
7.33184
7.34106
7.32877
7.30419
7.29805
7.32365
7.34208
7.31238
7.34003
7.33901
7.33389
7.3513
7.34106
7.33491
7.3513
7.35334
7.3472
7.3257
7.34822
7.35437
7.34003
7.34106
7.32774
7.33901
7.3687
7.3513
7.3257
7.36256
7.34925
7.33798
7.3175
7.3431
7.33491
7.34515
7.3431
7.33798
7.3216
7.33286
7.34208
7.32058
7.35232
7.33798
7.32877
7.34515
7.35027
7.36051
7.33901
7.33696
7.32058
7.32979
7.33696
7.3687
7.32467
7.32262
7.32058
7.33798
7.34413
7.33389
7.32262
7.30829
7.31034
7.31034
7.31853
7.32979
7.32672
7.3175
7.32058
7.32877
7.3513
7.32672
7.33491
7.31853
7.3175
7.31648
7.33184
7.32979
7.32262
7.32672
7.32877
7.32467
7.30624
7.33696
7.35232
7.33491
7.33696
7.33594
7.3257
7.30829
7.34618
7.33491
7.31341
7.3257
7.33696
7.31955
7.35539
7.3257
7.33491
7.34822
7.32058
7.33696
7.31341
7.31853
7.32262
7.30624
7.34413
7.32672
7.33389
7.33184
7.33286
7.33082
7.3513
7.33286
7.32058
7.33184
7.31648
7.34106
7.34003
7.33286
7.3175
7.33491
7.33286
7.30624
7.33594
7.34413
7.33389
7.32877
7.33696
7.34003
7.33286
7.32672
7.34208
7.3257
7.33696
7.32365
7.31341
7.3257
7.34003
7.33082
7.33491
7.33184
7.32774
7.34618
7.33491
7.35846
7.35334
7.32365
7.32877
7.32058
7.34003
7.34413
7.34822
7.35437
7.33798
7.33389
7.35232
7.34106
7.32979
7.34208
7.34106
7.33798
7.34925
7.3513
7.35949
7.35539
7.35027
7.33491
7.35437
7.3687
7.35027
7.33594
7.33082
7.35539
7.33491
7.35232
7.33696
7.34925
7.3513
7.34413
7.3431
7.33491
7.33082
7.33184
7.35437
7.35539
7.33594
7.33696
7.34208
7.33082
7.35539
7.35334
7.34413
7.34822
7.34515
7.34822
7.3472
7.36768
7.35232
7.35334
7.34822
7.34413
7.34106
7.34003
7.34106
7.34208
7.34618
7.34618
7.34618
7.34208
7.35437
7.33901
7.35334
7.35539
7.35232
7.34413
7.36256
7.34515
7.37792
7.35642
7.33696
7.35539
7.36768
7.34413
7.36256
7.35437
7.35949
7.34822
7.35334
7.3431
7.34515
7.35642
7.3431
7.3728
7.36666
7.35232
7.36358
7.34822
7.34515
7.36666
7.35334
7.35027
7.35334
7.35642
7.35437
7.33491
7.35232
7.36666
7.36051
7.34515
7.34413
7.33491
7.36051
7.36768
7.36768
7.36154
7.34822
7.3472
7.3513
7.35744
7.35232
7.35539
7.36154
7.34003
7.36358
7.3431
7.34208
7.34515
7.36051
7.36358
7.36256
7.35744
7.35744
7.3769
7.34925
7.36358
7.34925
7.39226
7.37178
7.36563
7.35642
7.3431
7.35949
7.39226
7.3472
7.36973
7.3687
7.34106
7.37485
7.35437
7.35027
7.35846
7.3728
7.36563
7.34515
7.36051
7.34925
7.35232
7.34925
7.36256
7.3769
7.34515
7.35744
7.32979
7.37382
7.3472
7.35642
7.34925
7.34515
7.36358
7.3513
7.3513
7.34925
7.35539
7.35027
7.34618
7.33696
7.36358
7.3472
7.34618
7.36768
7.35744
7.36154
7.35744
7.34515
7.37075
7.35232
7.34515
7.34618
7.33696
7.34618
7.35334
7.35642
7.3513
7.3472
7.35949
7.36358
7.34003
7.35949
7.34822
7.36051
7.36563
7.35949
7.33798
7.3513
7.35642
7.33696
7.36256
7.36051
7.34618
7.34003
7.33594
7.34515
7.33798
7.34003
7.33696
7.32365
7.33491
7.34106
7.33389
7.32365
7.34106
7.34822
7.35539
7.32262
7.33286
7.32467
7.33389
7.35744
7.3472
7.33901
7.34413
7.34208
7.34106
7.34208
7.34106
7.33901
7.33901
7.35539
7.34822
7.3216
7.35027
7.3257
7.33696
7.34822
7.35949
7.33696
7.33184
7.33901
7.34618
7.34003
7.34515
7.33594
7.33491
7.34106
7.3431
7.34925
7.3472
7.3513
7.35334
7.34515
7.33696
7.32365
7.35027
7.34003
7.34003
7.3257
7.33389
7.32467
7.34106
7.32774
7.34003
7.3431
7.35437
7.34106
7.34208
7.34515
7.32774
7.33286
7.32979
7.3257
7.34413
7.3431
7.33696
7.33798
7.35027
7.35232
7.33184
7.34515
7.35334
7.33286
7.3472
7.3431
7.33491
7.33594
7.3257
7.33594
7.34515
7.33389
7.33901
7.32979
7.33082
7.33082
7.32365
7.33082
7.34106
7.31955
7.32877
7.32058
7.34208
7.33594
7.33491
7.35232
7.33286
7.33594
7.34925
7.3431
7.32262
7.33389
7.34925
7.33184
7.33491
7.32774
7.36051
7.33184
7.3216
7.33696
7.33491
7.32672
7.34413
7.3472
7.33901
7.32672
7.32672
7.32979
7.33082
7.34515
7.34515
7.32774
7.33901
7.31341
7.32467
7.32979
7.34106
7.30829
7.35027
7.34413
7.31136
7.34925
7.30419
7.3257
7.32979
7.33184
7.33901
7.32058
7.33286
7.33082
7.32262
7.32672
7.33184
7.34208
7.34003
7.33594
7.33491
7.33082
7.33082
7.33389
7.33491
7.3216
7.34413
7.32365
7.34822
7.32979
7.32877
7.32877
7.33594
7.34925
7.32467
7.32365
7.33798
7.31238
7.36461
7.33491
7.31546
7.33286
7.33594
7.33082
7.31341
7.32058
7.33696
7.35949
7.33389
7.3216
7.32877
7.33389
7.32058
7.30726
7.33184
7.33184
7.33286
7.34003
7.33082
7.35232
7.3513
7.3472
7.32979
7.33082
7.32365
7.33491
7.31443
7.32672
7.33901
7.34822
7.32467
7.33286
7.33286
7.34413
7.3513
7.3431
7.34822
7.32979
7.32365
7.34208
7.34515
7.34208
7.3257
7.35334
7.32262
7.35539
7.32979
7.35232
7.33901
7.32774
7.33594
7.33696
7.32979
7.33901
7.33594
7.33798
7.34106
7.3431
7.34106
7.35744
7.34515
7.35027
7.33901
7.3472
7.35949
7.32979
7.35437
7.32979
7.33696
7.35437
7.34618
7.34822
7.3472
7.3431
7.33696
7.35744
7.34925
7.34515
7.35437
7.3513
7.35334
7.35334
7.36154
7.35949
7.36154
7.36666
7.3472
7.35232
7.36154
7.36563
7.3431
7.37382
7.35232
7.35642
7.3687
7.33798
7.34515
7.35232
7.34208
7.3513
7.31341
7.35539
7.33082
7.34413
7.34925
7.35642
7.31955
7.35846
7.36358
7.33286
7.34413
7.33798
7.33082
7.33082
7.34106
7.35539
7.33696
7.33696
7.3472
7.36256
7.33901
7.35334
7.34515
7.36154
7.3472
7.35744
7.34618
7.34003
7.34515
7.34413
7.3431
7.34822
7.3513
7.35334
7.35232
7.35949
7.35334
7.34208
7.3728
7.34618
7.3769
7.35232
7.34003
7.35437
7.32877
7.34106
7.33184
7.34003
7.35027
7.31443
7.33184
7.31648
7.3513
7.34208
7.34413
7.30726
7.31034
7.34515
7.33286
7.34208
7.33389
7.32467
7.30112
7.30931
7.31546
7.33594
7.32979
7.33082
7.35642
7.3257
7.32774
7.3216
7.34208
7.31443
7.33184
7.32979
7.34822
7.3257
7.32877
7.33491
7.33901
7.34106
7.31955
7.32467
7.31648
7.31136
7.31443
7.32877
7.30112
7.31546
7.29702
7.31443
7.30522
7.31955
7.30726
7.30931
7.31136
7.31341
7.30317
7.30317
7.31341
7.30931
7.30931
7.31853
7.3175
7.32058
7.31341
7.30419
7.31955
7.31238
7.30112
7.31648
7.29702
7.31853
7.30317
7.31238
7.3175
7.30214
7.29805
7.30726
7.31136
7.30931
7.31341
7.30214
7.30317
7.32058
7.30624
7.30726
7.27654
7.30726
7.3257
7.33901
7.33696
7.33798
7.32262
7.3175
7.34208
7.33491
7.3472
7.31955
7.33594
7.3216
7.33286
7.33491
7.32672
7.33696
7.32877
7.3431
7.35949
7.33491
7.32979
7.34003
7.32774
7.32058
7.33389
7.31955
7.31443
7.32979
7.32774
7.30624
7.32672
7.3257
7.32672
7.32262
7.32058
7.31238
7.29907
7.3216
7.29498
7.32877
7.32365
7.3216
7.31034
7.32262
7.30419
7.30624
7.32979
7.31443
7.32262
7.30829
7.30419
7.28474
7.30419
7.31238
7.31238
7.31341
7.32058
7.31546
7.30624
7.32365
7.3175
7.28678
7.3257
7.29293
7.33082
7.31648
7.28576
7.29293
7.30726
7.296
7.30317
7.32058
7.30214
7.30624
7.29498
7.29702
7.31136
7.30214
7.29805
7.28986
7.30522
7.31136
7.30112
7.296
7.28883
7.29907
7.29293
7.29702
7.29702
7.30214
7.29805
7.2919
7.28474
7.29498
7.31034
7.28474
7.29088
7.28883
7.31238
7.29805
7.29805
7.29907
7.29498
7.30112
7.31853
7.29907
7.2919
7.31546
7.30931
7.30214
7.31546
7.28678
7.30522
7.3001
7.30829
7.30829
7.29907
7.31136
7.28986
7.30624
7.30214
7.29907
7.2919
7.30419
7.28678
7.30317
7.31238
7.30624
7.31546
7.29498
7.3175
7.30522
7.31443
7.2919
7.3001
7.29907
7.30522
7.31034
7.28883
7.30112
7.30317
7.29907
7.31034
7.28883
7.296
7.2919
7.28986
7.31443
7.31034
7.29702
7.28781
7.31546
7.27962
7.31648
7.30522
7.28371
7.3001
7.30522
7.30214
7.31136
7.28576
7.29907
7.30829
7.30419
7.29702
7.28474
7.27962
7.30419
7.31136
7.30624
7.29088
7.30624
7.31238
7.29702
7.2919
7.296
7.31648
7.30829
7.31238
7.32058
7.3175
7.28883
7.28166
7.34618
7.3216
7.28064
7.28371
7.30317
7.30317
7.28474
7.27962
7.31546
7.28781
7.27757
7.28166
7.27347
7.25709
7.26835
7.28474
7.27245
7.296
7.28064
7.28166
7.27859
7.2704
7.28064
7.27142
7.27757
7.29702
7.28371
7.27654
7.28269
7.27245
7.27962
7.28064
7.28678
7.26938
7.28371
7.27654
7.26221
7.28166
7.28166
7.27962
7.26835
7.29088
7.27757
7.29088
7.29395
7.28474
7.27245
7.28064
7.2704
7.26835
7.27757
7.26323
7.26733
7.2919
7.296
7.28474
7.27142
7.28064
7.26118
7.25606
7.27859
7.27347
7.27552
7.27962
7.27245
7.26323
7.27142
7.28064
7.28166
7.27757
7.28166
7.29702
7.27859
7.27142
7.29805
7.27859
7.28986
7.28474
7.26016
7.28166
7.29907
7.27552
7.27962
7.2919
7.24582
7.26118
7.28678
7.64826
7.26835
7.28371
7.28986
7.26323
7.2704
7.28371
7.27347
7.27962
7.27245
7.27859
7.25811
7.28166
7.27552
7.28064
7.27245
7.27859
7.27962
7.26426
7.27245
7.25299
7.28371
7.27654
7.27142
7.27552
7.2704
7.26528
7.27859
7.26835
7.2663
7.27654
7.27347
7.27142
7.26426
7.2745
7.28474
7.28269
7.29498
7.28678
7.2704
7.27757
7.28474
7.28064
7.2704
7.28781
7.3001
7.27654
7.28781
7.28986
7.27347
7.29498
7.29395
7.26426
7.28166
7.29293
7.26733
7.2919
7.296
7.28269
7.2745
7.26733
7.27245
7.28883
7.27757
7.28781
7.29702
7.27654
7.27859
7.26938
7.30112
7.28576
7.27962
7.28678
7.27552
7.2919
7.28474
7.28883
7.29293
7.26528
7.27962
7.28371
7.28371
7.30522
7.26835
7.28883
7.28576
7.28678
7.296
7.29395
7.29088
7.26733
7.26835
7.28781
7.28269
7.27245
7.29805
7.2704
7.27962
7.2704
7.27962
7.27859
7.28781
7.2704
7.28781
7.28781
7.29805
7.31034
7.28986
7.28064
7.27347
7.2745
7.28166
7.29498
7.2745
7.2704
7.28883
7.28576
7.26938
7.28064
7.27962
7.27757
7.27245
7.28576
7.28269
7.26938
7.27859
7.27552
7.29498
7.28576
7.28678
7.27347
7.27552
7.28166
7.2745
7.28883
7.30419
7.29293
7.28678
7.28781
7.30112
7.27347
7.28269
7.27654
7.28474
7.28678
7.2919
7.29805
7.30317
7.30726
7.31238
7.2745
7.30419
7.29395
7.29702
7.3001
7.3216
7.31034
7.28576
7.28064
7.28474
7.28576
7.29395
7.26426
7.28883
7.2919
7.29805
7.29293
7.29293
7.28166
7.28576
7.30419
7.28678
7.28371
7.28986
7.28678
7.27654
7.29498
7.30112
7.28678
7.29805
7.28371
7.28269
7.28064
7.28474
7.29088
7.29088
7.26938
7.27757
7.27654
7.27757
7.27859
7.26426
7.27962
7.29088
7.27962
7.28986
7.28986
7.27859
7.28576
7.27757
7.28474
7.29395
7.28064
7.29498
7.28781
7.28269
7.28166
7.29395
7.29498
7.29498
7.27757
7.28986
7.29805
7.26835
7.29907
7.2919
7.28986
7.29293
7.30419
7.28678
7.28883
7.29702
7.29395
7.28678
7.29088
7.29702
7.29498
7.26733
7.29805
7.29907
7.29907
7.28883
7.28166
7.30112
7.29293
7.28781
7.28371
7.27654
7.29293
7.28678
7.2704
7.2745
7.27757
7.27654
7.28678
7.29395
7.28576
7.28986
7.28883
7.27859
7.28883
7.28678
7.2704
7.28781
7.27245
7.26733
7.28883
7.27654
7.27142
7.296
7.28576
7.27859
7.28166
7.27654
7.27654
7.27245
7.26118
7.26733
7.28371
7.28474
7.27757
7.2745
7.28883
7.27654
7.27859
7.2919
7.28474
7.27245
7.26221
7.2745
7.26938
7.25709
7.26528
7.27552
7.25811
7.28781
7.27654
7.26733
7.2704
7.2745
7.26835
7.25914
7.26221
7.27347
7.25709
7.26016
7.26733
7.26426
7.25709
7.25094
7.2663
7.25299
7.27654
7.25914
7.26221
7.28781
7.26118
7.26221
7.27962
7.27142
7.27142
7.26016
7.25504
7.26733
7.27245
7.25402
7.25299
7.24787
7.26016
7.26323
7.26528
7.2448
7.26528
7.2663
7.26426
7.25299
7.26323
7.25402
7.25197
7.26733
7.24787
7.25402
7.25094
7.26323
7.26835
7.26016
7.24275
7.25197
7.25709
7.2448
7.26733
7.25709
7.25914
7.26016
7.26016
7.25299
7.25402
7.24685
7.26426
7.24378
7.25709
7.26118
7.25299
7.2663
7.25606
7.25504
7.24685
7.25504
7.25402
7.27552
7.25402
7.25299
7.25197
7.25094
7.26835
7.25709
7.25094
7.2489
7.2407
7.25504
7.23661
7.2489
7.25094
7.25402
7.25914
7.23968
7.25811
7.25094
7.25709
7.25197
7.24582
7.25299
7.24582
7.25914
7.26221
7.2407
7.24173
7.2489
7.25914
7.22534
7.25197
7.24992
7.2407
7.26323
7.24378
7.25606
7.25709
7.26323
7.25094
7.25094
7.25606
7.23763
7.24685
7.23661
7.25197
7.24173
7.25299
7.24275
7.24787
7.25811
7.26221
7.24582
7.25197
7.25402
7.23866
7.24992
7.24685
7.26938
7.24685
7.25811
7.25606
7.25709
7.25094
7.2407
7.25197
7.2448
7.24582
7.25606
7.24685
7.23763
7.27552
7.23661
7.2489
7.24173
7.23558
7.26118
7.24275
7.24685
7.23661
7.25094
7.23866
7.23866
7.23968
7.27859
7.24685
7.26323
7.25094
7.23661
7.26835
7.22842
7.26016
7.25197
7.27654
7.24173
7.23354
7.23456
7.23968
7.24378
7.2489
7.24685
7.23354
7.24378
7.25606
7.25299
7.24378
7.24582
7.25709
7.2489
7.25504
7.24787
7.2407
7.24685
7.25094
7.24378
7.24378
7.23968
7.2448
7.24685
7.25094
7.24275
7.2407
7.23763
7.24787
7.23866
7.25811
7.23968
7.25709
7.24685
7.24685
7.2663
7.25197
7.26016
7.23968
7.24787
7.27347
7.2489
7.26221
7.2407
7.2448
7.25504
7.25811
7.24685
7.24992
7.23866
7.24787
7.25197
7.24582
7.2489
7.25914
7.25709
7.23866
7.24582
7.26221
7.23866
7.24378
7.25299
7.24992
7.25402
7.25606
7.24173
7.24582
7.24582
7.25197
7.22432
7.23866
7.25402
7.25197
7.25914
7.23866
7.24173
7.26016
7.25197
7.24582
7.23763
7.24685
7.2489
7.2489
7.25094
7.25504
7.26528
7.26221
7.25094
7.24787
7.24378
7.24275
7.2407
7.2489
7.25402
7.25709
7.25811
7.24275
7.25299
7.25094
7.25197
7.25197
7.23763
7.26118
7.23456
7.24685
7.2489
7.25299
7.26426
7.2704
7.26221
7.24992
7.24582
7.25197
7.25914
7.25402
7.2489
7.24787
7.2407
