3.12013
3.1201
3.116
3.10374
3.10781
3.09453
3.11194
3.1017
3.11501
3.08534
3.09146
3.09347
3.09248
3.08531
3.08429
3.1089
3.07917
3.09552
3.10067
3.09248
3.11706
3.0976
3.08637
3.1007
3.08835
3.08326
3.08941
3.08634
3.08122
3.08739
3.09149
3.08634
3.10275
3.08429
3.09866
3.09248
3.09661
3.11091
3.09866
3.10886
3.08835
3.09354
3.08323
3.09763
3.09757
3.10682
3.08736
3.1007
3.08534
3.08224
3.81642
3.82672
3.81542
3.80518
3.81542
3.79907
3.82877
3.80317
3.79392
3.82358
3.81542
3.81952
3.80317
3.80925
3.7857
3.80109
3.79805
3.80518
3.80826
3.80723
3.80518
3.80928
3.80822
3.80829
4.00282
3.83181
3.79699
3.79594
3.79494
3.79594
3.80829
3.80624
3.79085
3.80109
3.81747
3.80419
3.83386
3.81744
3.81338
3.81846
3.80928
3.82771
3.81645
3.8103
3.8257
3.83488
3.83078
3.82362
3.81846
3.81747
3.82058
3.80723
3.83075
3.79798
3.78675
3.79187
3.79907
3.79702
3.79805
3.79085
3.80931
3.82666
3.80518
3.8103
3.79088
3.78573
3.80618
3.80518
3.80317
3.79494
3.80518
3.79392
3.796
3.80413
3.79494
3.80211
3.79699
3.78678
3.80003
3.81437
3.7857
3.80211
3.7857
3.80208
3.80826
3.79395
3.8103
3.8103
3.80112
3.80515
3.79085
3.80624
3.80723
3.80006
3.8103
3.80518
3.79904
3.80518
3.82054
3.8185
3.82058
3.81645
3.82054
4.01818
3.8185
3.80416
3.81235
3.80931
3.82976
3.81642
3.81648
3.82976
3.80624
3.81136
3.79904
3.80317
3.80416
3.80723
3.80515
3.81334
3.80211
3.79187
3.78573
3.79802
3.80317
3.80214
3.8103
3.79702
3.81443
3.81338
3.80112
3.79395
3.82259
3.80822
3.82976
3.79702
3.80723
3.80925
3.79798
3.79392
3.79392
3.79494
3.796
3.81642
3.7919
3.80214
3.80826
3.80931
3.80621
3.80928
3.8113
3.79802
3.80928
3.80826
3.8103
3.81846
3.79494
3.80112
3.79699
3.80928
6.17984
6.18906
6.17062
6.19213
6.16755
6.20749
6.13274
6.1737
6.18189
6.1952
5.72006
5.71187
5.7385
5.74976
5.76205
5.76717
5.77434
5.72006
5.67501
5.72314
5.39136
5.38112
5.376
5.35347
5.48045
5.40573
5.37706
5.38522
5.35658
5.36573
3.69053
3.70381
3.68947
3.70685
3.70278
3.69053
3.69869
3.70176
3.71101
3.69046
3.7079
3.70173
3.69664
3.70586
3.70384
3.70589
3.69152
3.69149
3.68947
3.69763
3.69763
3.86973
3.6936
3.69152
3.69974
3.6936
3.68842
3.69152
3.69254
3.68845
3.70378
3.70995
3.69872
3.69565
3.69155
3.70688
3.70282
3.69872
3.69152
3.68746
3.70378
3.6936
3.69869
3.69872
3.68637
3.70589
3.69562
3.70378
3.70176
3.70381
3.69971
3.69456
3.69046
3.69565
3.69766
3.70176
3.69152
3.69459
3.70278
3.70688
3.67312
3.71101
3.70794
3.69046
3.70998
3.6864
3.69664
3.6977
3.87482
3.70074
3.69763
3.69459
3.69763
3.70275
3.69667
3.88301
3.86461
3.86557
3.86048
3.6864
3.70378
3.87478
3.86557
3.8697
3.70794
3.7089
3.88714
3.71606
3.70483
3.89123
3.87382
3.70381
3.70384
3.70077
3.6864
3.7007
3.68739
3.70074
3.87178
3.70381
3.8687
3.69766
3.70688
3.69456
3.69152
3.69558
3.87072
3.88918
3.68128
3.69357
3.69254
3.68534
3.85946
3.69664
3.70077
3.69258
3.70384
3.70282
3.70074
3.68947
3.88816
3.68845
3.68842
3.86864
3.70384
3.69664
3.68848
3.87277
3.69664
3.6905
3.69763
3.70998
3.70176
3.69254
3.70275
3.70483
3.86973
3.87174
3.87894
3.87482
3.86867
3.85741
3.87072
3.87994
3.87789
3.70282
3.87072
3.69664
3.88406
3.8871
3.69971
3.87274
3.88093
3.69155
3.87584
3.86662
3.88301
3.86048
3.86765
3.87482
3.86048
3.86765
3.86864
3.87994
3.8697
3.87584
3.87683
3.87075
3.87485
3.85331
3.87382
3.69664
3.84618
3.87482
3.86355
3.8697
3.88506
3.69869
3.88198
3.88301
3.88195
3.8769
3.89018
3.69254
3.69869
3.87894
3.71402
3.69357
3.70688
3.89018
3.86048
3.87277
3.88403
3.88611
3.87482
3.89526
3.87379
3.86461
3.88198
3.86765
3.86864
3.88093
3.85024
3.89635
3.87277
3.8687
3.87894
3.87686
3.86864
3.86765
3.87277
3.8656
3.8687
3.88093
3.69866
3.87894
3.8687
3.87174
3.87789
3.69866
3.85949
3.68541
3.8656
3.86253
3.86557
3.87482
3.87072
3.87277
3.88093
3.69456
3.87478
3.70688
3.86458
3.70381
3.87382
3.6864
3.68742
3.70278
3.68845
3.86253
3.88707
3.86666
3.69053
3.69152
3.68534
3.70077
3.8615
3.70275
3.70483
3.67926
3.69664
3.69968
3.68227
3.69971
3.6905
3.70381
3.85331
3.85741
3.88406
3.69974
3.68336
3.86765
3.69869
3.69664
3.86765
3.70378
3.7007
3.70176
3.69968
3.69872
3.69354
3.70176
3.69354
3.68742
3.69971
3.69664
3.68947
3.69869
3.70176
3.70176
3.87581
3.68842
3.71299
3.70688
3.69664
3.69459
3.6823
3.69558
3.6936
3.88502
3.70787
3.712
3.68541
3.70688
3.70378
3.69357
3.68435
3.69459
3.68845
3.69459
3.68234
3.68435
3.6864
3.70589
3.69661
3.69459
3.70787
3.69971
3.8697
3.69258
3.6936
3.70688
3.70589
3.68131
3.69565
3.6864
3.69667
3.85229
3.69149
3.84611
3.87277
3.69459
3.85638
3.86253
3.88099
3.86662
3.89018
3.69357
3.69354
3.7089
3.69763
3.69456
3.87686
3.71606
3.69971
3.7161
3.71402
3.69664
3.86966
3.68742
3.86765
3.88096
3.68026
3.70176
3.69667
3.69971
3.6977
3.70176
3.69766
3.68947
3.71101
3.69357
3.87072
3.70688
3.70378
3.69766
3.69869
3.68944
3.70589
3.70077
3.69664
3.72019
3.69562
3.70582
3.6977
3.71306
3.88198
3.68842
3.69664
3.69664
3.70381
3.6936
3.69661
3.69866
3.70896
3.69664
3.69664
3.88093
3.87277
3.70688
3.68947
3.86147
3.84512
3.87075
3.87581
3.69357
3.68842
3.69254
3.70893
3.6864
3.68848
3.69763
3.88301
3.69766
3.69565
3.69766
3.68746
3.69971
3.87069
3.69565
3.86048
3.87069
3.86358
3.69251
3.69766
3.70582
3.68848
3.88301
3.87482
3.87072
3.88093
3.70176
3.87894
3.86253
3.87379
3.68333
3.70179
3.69254
3.87274
3.87376
3.69046
3.68947
3.69251
3.84925
3.87072
3.85024
3.85942
3.85536
3.85635
3.87274
3.85642
3.87478
3.87277
3.7007
3.70685
3.70282
3.69558
3.87171
3.87894
3.86973
3.87382
3.86659
3.85331
3.85843
3.86864
3.88611
3.8697
3.68333
3.68435
3.87581
3.70278
3.69664
3.67824
3.86253
3.68435
3.8687
3.87994
3.87482
3.6864
3.6977
3.87277
3.87894
3.8881
3.68131
3.88301
3.68848
3.69459
3.86352
3.88605
3.87888
3.70794
3.6977
3.8687
3.68842
3.87072
3.69766
3.86867
3.8871
3.87888
3.87789
3.70179
3.88301
3.8656
3.8615
3.87994
3.70483
3.6905
3.70486
3.69766
3.68742
3.70483
3.7007
3.70378
3.69971
3.70275
3.69664
3.69357
3.68848
3.69974
3.6936
3.70486
3.69258
3.69462
3.7007
3.69046
3.68848
3.69872
3.70998
3.69459
3.70589
3.69866
3.69664
3.70589
3.69866
3.69869
3.68947
3.68947
3.67923
3.69354
3.68435
3.69459
3.68128
3.68435
3.70483
3.70589
3.70278
3.70787
3.71101
3.67824
3.7048
3.70995
3.70995
3.69354
3.70998
3.69661
3.70589
3.69763
3.70074
3.70483
3.67517
3.7007
3.69872
3.69866
3.71709
3.69155
3.69152
3.70176
3.6895
3.712
3.69149
3.7007
3.70893
3.70896
3.70384
3.68742
3.69254
3.69357
3.68845
3.69462
3.70483
3.70893
3.71613
3.87792
3.70176
3.6936
3.68944
3.70794
3.6936
3.68435
3.68125
3.68947
3.88406
3.85942
3.71302
3.70688
3.68746
3.68842
3.6823
3.70688
3.69459
3.87994
3.69763
3.70077
3.7007
3.69565
3.69254
3.71302
3.6936
3.69357
3.70992
3.69971
3.70384
3.69152
3.68432
3.6905
3.69558
3.69152
3.70582
3.69661
3.69664
3.69661
3.70688
3.70275
3.68742
3.70483
3.70384
3.69254
3.70582
3.7007
3.68432
3.68234
3.68842
3.68947
3.69258
3.68742
3.70077
3.71507
3.70077
3.69258
3.69565
3.69459
3.71306
3.69357
3.70278
3.69968
3.71094
3.69357
3.69459
3.71917
3.70278
3.69971
3.70586
3.69354
3.68739
3.68128
3.69459
3.69152
3.69562
3.69565
3.69149
3.69971
3.70998
3.70794
3.69872
3.6833
3.70381
3.69763
3.70688
3.70275
3.69664
3.69763
3.67824
3.69872
3.69357
3.68742
3.68842
3.6936
3.68637
3.69251
3.70077
3.67824
3.6936
3.6864
3.6833
3.68131
3.69971
3.69053
3.69357
3.69152
3.6833
3.69251
3.69357
3.70582
3.69558
3.69866
3.70589
3.69152
3.6936
3.69869
3.69459
3.67718
3.68842
3.68842
3.6864
3.6823
3.70483
3.6936
3.7007
3.69046
3.712
3.70275
3.68234
3.70381
3.69053
3.68947
3.70486
3.68128
3.67613
3.69354
3.68947
3.69565
3.6864
3.68435
3.70589
3.71408
3.69558
3.69763
3.70688
3.70787
3.68947
3.68848
3.67104
3.69251
3.69565
3.69974
3.68541
3.69152
3.69869
3.69459
3.68336
3.6936
3.69664
3.69152
3.70589
3.69869
3.69866
3.69251
3.69053
3.70077
3.6977
3.68739
3.69562
3.6905
3.69459
3.69766
3.7007
3.7007
3.70077
3.69459
3.69869
3.69152
3.6864
3.69459
3.69565
3.68435
3.69149
3.68643
3.69866
3.68541
3.69354
3.69046
3.70381
3.71094
3.71606
3.69155
3.68848
3.69664
3.69459
3.69558
3.70483
3.70278
3.68947
3.69869
3.7007
3.69046
3.70582
3.69251
3.69459
3.69763
3.70381
3.68947
3.68848
3.69664
3.67722
3.6864
3.69456
3.70384
3.712
3.70589
3.68947
3.69971
3.69971
3.70282
3.6823
3.69354
3.70582
3.68742
3.70688
3.67722
3.69971
3.69971
3.6823
3.69258
3.70998
3.69152
3.68746
3.69558
3.69053
3.69766
3.69254
3.68947
3.68947
3.69667
3.70995
3.68947
3.69766
3.69462
3.7048
3.69053
3.69866
3.69251
3.69763
3.69974
3.68541
3.6833
3.69971
3.68848
3.69459
3.69869
3.69251
3.69459
3.69152
3.69254
3.68643
3.67923
3.69872
3.69152
3.69664
3.69459
3.70176
3.69258
3.7007
3.68541
3.69558
3.69766
3.68541
3.70685
3.6936
3.69565
3.70077
3.69664
3.70995
3.68742
3.69053
3.68435
3.68131
3.68131
3.68128
3.68438
3.69046
3.67002
3.67818
3.68742
3.68848
3.70074
3.69354
3.70483
3.68742
3.69562
3.68643
3.69152
3.68742
3.69866
3.70896
3.68534
3.68848
3.69558
3.68541
3.7089
3.71306
3.70688
3.71098
3.69152
3.70381
3.69664
3.70483
3.69155
3.69872
3.69869
3.70282
3.69354
3.70688
3.69258
3.69664
3.69254
3.70381
3.69152
3.69459
3.70282
3.6864
3.68947
3.70176
3.712
3.69459
3.69667
3.69152
3.69357
3.67923
3.69046
3.7007
3.70381
3.6833
3.68848
3.68534
3.68435
3.69152
3.67411
3.68336
3.70176
3.70483
3.69354
3.70278
3.68435
3.70688
3.67923
3.69155
3.7151
3.6751
3.68435
3.69258
3.70179
3.69046
3.69558
3.69459
3.69664
3.69046
3.69565
3.6823
3.69046
3.70173
3.70582
3.70278
3.69869
3.68227
3.68742
3.70995
3.69664
3.6823
3.68336
3.69251
3.68131
3.69459
3.6823
3.69667
3.69251
3.68739
3.68947
3.70176
3.68029
3.69869
3.69459
3.68947
3.69152
3.69766
3.68947
3.69459
3.69251
3.7007
3.69664
3.69053
3.68435
3.6823
3.69872
3.69053
3.68746
3.70486
3.67718
3.68842
3.69766
3.7007
3.70173
3.69152
3.68746
3.69866
3.69664
3.6977
3.69872
3.69046
3.69558
3.69565
3.7048
3.68742
3.69254
3.67818
3.68435
3.71101
3.68234
3.70486
3.6864
3.68435
3.69459
3.70275
3.69258
3.70995
3.69558
3.68125
3.69053
3.69251
3.69459
3.69562
3.6823
3.69152
3.69565
3.69254
3.68845
3.68845
3.69869
3.69258
3.69974
3.69152
3.70995
3.69251
3.68742
3.6833
3.69971
3.68947
3.69046
3.69251
3.69152
3.68944
3.6864
3.7007
3.6864
3.70179
3.71712
3.70176
3.69053
3.69254
3.68842
3.7079
3.69664
3.69459
3.71818
3.67824
3.69152
3.68742
3.69866
3.68643
3.68742
3.6833
3.68435
3.70582
3.69872
3.69763
3.67821
3.69459
3.7007
3.67718
3.69459
3.69872
3.70077
3.69155
3.71101
3.69462
3.6864
3.6833
3.70278
3.69558
3.69258
3.6977
3.68845
3.69661
3.68742
3.70381
3.69258
3.69971
3.69558
3.68637
3.69459
3.68029
3.68234
3.69254
3.7161
3.68947
3.69763
3.7161
3.69459
3.69664
3.6833
3.70077
3.69354
3.70381
3.69251
3.68336
3.68534
3.69459
3.68125
3.69971
3.69357
3.68842
3.69155
3.69046
3.69459
3.69869
3.70275
3.70381
3.70384
3.68336
3.69357
3.68534
3.68637
3.69974
3.70176
3.70893
3.69459
3.68637
3.68538
3.69155
3.69152
3.70077
3.69254
3.69152
3.69766
3.69053
3.69258
3.68643
3.69974
3.69766
3.68947
3.68227
3.6936
3.7007
3.68534
3.67923
3.69152
3.69459
3.66694
3.69152
3.69354
3.69357
3.70381
3.69866
3.69251
3.70483
3.68842
3.70384
3.69664
3.70176
3.68739
3.69251
3.69155
3.69046
3.69869
3.69149
3.7007
3.69971
3.69456
3.69869
3.69664
3.69971
3.69046
3.68742
3.70074
3.68742
3.68128
3.7007
3.69869
3.69766
3.69558
3.68125
3.69664
3.69872
3.70483
3.70378
3.68128
3.69565
3.69558
3.69357
3.68947
3.70176
3.68947
3.69354
3.69152
3.69354
3.70282
3.70688
3.69565
3.68128
3.69459
3.69152
3.69251
3.69667
3.67926
3.69053
3.67923
3.71094
3.69053
3.7007
3.69046
3.69766
3.69155
3.69872
3.69869
3.68029
3.68842
3.68742
3.68336
3.68746
3.68534
3.68947
3.69664
3.69971
3.69254
3.68848
3.69152
3.71405
3.69053
3.6823
3.70176
3.68234
3.68534
3.68541
3.68541
3.69766
3.69763
3.69046
3.69459
3.6936
3.6833
3.68637
3.68742
3.69258
3.70282
3.69053
3.69459
3.68842
3.6864
3.68947
3.6823
3.69971
3.67718
3.6823
3.6864
3.70381
3.70893
3.7007
3.6977
3.68435
3.68742
3.70282
3.70378
3.69558
3.68742
3.68947
3.70077
3.69354
3.68637
3.69869
3.68947
3.69053
3.70688
3.69254
3.6833
3.69766
3.68336
3.70794
3.70691
3.69053
3.70893
3.69971
3.68742
3.69152
3.68637
3.68845
3.6936
3.68643
3.68435
3.69053
3.70176
3.69459
3.69664
3.68842
3.69664
3.69766
3.69459
3.6936
3.69565
3.68742
3.68435
3.69251
3.68435
3.6977
3.69046
3.69459
3.68848
3.69664
3.68643
3.70077
3.68643
3.68227
3.69866
3.69152
3.70589
3.68435
3.69971
3.68131
3.70381
3.69459
3.6823
3.68538
3.68739
3.68739
3.68742
3.68234
3.69459
3.6823
3.70384
3.68947
3.69459
3.70278
3.6905
3.68435
3.70381
3.67411
3.68742
3.67306
3.68541
3.68742
3.69664
3.69354
3.6792
3.7007
3.69459
3.68643
3.68746
3.69558
3.70589
3.69152
3.7007
3.69872
3.70381
3.70381
3.68848
3.68842
3.69357
3.68336
3.68541
3.71101
3.6977
3.68435
3.70586
3.70176
3.67818
3.69971
3.69046
3.712
3.6936
3.6864
3.6864
3.69152
3.70586
3.69251
3.69459
3.69152
3.69459
3.69459
3.69258
3.69971
3.68637
3.67824
3.69459
3.70378
3.68742
3.6751
3.68432
3.68848
3.69459
3.69459
3.68739
3.67923
3.69558
3.69155
3.69459
3.68947
3.69866
3.68742
3.69254
3.68435
3.68845
3.70077
3.68947
3.69258
3.69872
3.67926
3.6936
3.69459
3.68845
3.69357
3.69053
3.69459
3.68947
3.69149
3.69664
3.70074
3.68227
3.69558
3.7007
3.68848
3.69354
3.69766
3.7089
3.69152
3.69766
3.68947
3.69872
3.69971
3.69251
3.68333
3.69971
3.69664
3.69664
3.69354
3.67923
3.69459
3.69565
3.69462
3.70176
3.68842
3.69053
3.68947
3.69562
3.69869
3.69459
3.69971
3.69354
3.69053
3.68534
3.68842
3.68742
3.69766
3.68336
3.69971
3.68541
3.69459
3.69459
3.68435
3.69872
3.68848
3.69866
3.67923
3.68848
3.68538
3.69254
3.69155
3.69152
3.69357
3.69971
3.69456
3.69869
3.68534
3.7007
3.69354
3.69565
3.69971
3.70483
3.69766
3.71613
3.69664
3.68845
3.69152
3.68947
3.70074
3.69456
3.68538
3.69053
3.69971
3.6833
3.68435
3.70077
3.68848
3.69872
3.69869
3.68848
3.68947
3.68541
3.69357
3.7007
3.6751
3.68746
3.70077
3.69354
3.6936
3.69254
3.6833
3.69456
3.68534
3.69866
3.70282
3.6977
3.68022
3.69558
3.68534
3.69354
3.68128
3.68541
3.71405
3.68947
3.67718
3.6936
3.68842
3.70278
3.68541
3.68739
3.6864
3.68538
3.6823
3.69971
3.68336
3.70282
3.70483
3.69251
3.70378
3.68538
3.70176
3.68534
3.68541
3.69462
3.70176
3.70378
3.69661
3.69459
3.69046
3.6977
3.69354
3.69149
3.6936
3.68842
3.68848
3.68336
3.69565
3.70074
3.70278
3.7007
3.69155
3.70173
3.70896
3.68848
3.69971
3.69046
3.68742
3.68227
3.68947
3.68534
3.7007
3.68538
3.69155
3.69763
3.69046
3.69357
3.69046
3.69053
