10.2216
10.496
10.4704
10.4715
10.5062
10.4735
10.5032
9.72493
9.68806
9.70854
9.74643
9.7321
9.73107
9.71264
9.71981
9.71776
9.72698
9.71981
9.70445
9.73107
9.70342
9.70445
9.69933
9.71674
9.73722
9.72083
9.73107
9.69318
9.7065
9.7239
9.7321
9.69728
9.71264
9.73414
9.73414
9.67578
9.72902
9.70445
9.71264
9.70854
9.71878
9.71059
9.67373
9.70035
9.73107
9.71162
9.73722
9.73824
9.71366
9.71469
9.70342
9.71571
9.7239
9.73414
9.73722
9.71571
9.71162
9.73824
9.71059
9.74029
9.69933
9.73005
9.71878
9.72698
9.70547
9.68602
9.69216
9.71571
9.72186
9.728
9.70854
9.69011
9.70035
9.72595
9.70445
9.728
9.72288
9.72698
9.69011
9.7065
9.70752
9.72083
9.71059
9.72288
9.69933
9.71059
9.71571
9.70138
9.69728
9.71776
9.7024
9.71264
9.70138
9.70547
9.71878
9.69216
9.69216
9.70854
9.69728
9.70445
9.73107
9.68602
9.69421
9.7024
9.70752
9.72288
9.71571
9.70854
9.70445
9.70138
9.68806
9.69011
9.7024
9.72493
9.71469
9.69523
9.69216
9.69011
9.6809
9.69523
9.72493
9.71366
9.7239
9.71264
9.71571
9.72083
9.6983
9.70138
9.71571
9.6983
9.70957
9.71878
9.6983
9.69933
9.68294
9.6983
9.69523
9.68499
9.66349
9.69011
9.71162
9.69216
9.69933
9.71878
9.69421
9.72493
9.69626
9.7239
9.72083
9.70854
9.72186
9.69626
9.71366
9.71264
9.71162
9.70752
9.69626
9.71878
9.71776
9.72698
9.69728
9.68806
9.72083
9.72698
9.73005
9.70752
9.72902
9.72083
9.71878
9.71469
9.68806
9.71366
9.69728
9.69523
9.71878
9.7065
9.73005
9.71469
9.70957
9.73005
9.71162
9.69626
9.72083
9.71469
9.69114
9.68704
9.73824
9.70854
9.69011
9.70752
9.70547
9.68704
9.70445
9.71162
9.71674
9.70854
9.72288
9.71469
9.7065
9.72083
9.69523
9.73312
9.67578
9.70342
9.67987
9.6983
9.68192
9.69728
9.68806
9.72698
9.69011
9.68806
9.72595
9.71776
9.7024
9.70342
9.70752
9.70138
9.70854
9.69421
9.7065
9.72083
9.72083
9.71571
9.71059
9.69318
9.72083
9.70445
9.70854
9.71571
9.7065
9.69933
9.70957
9.70445
9.70957
9.70752
9.71059
9.69523
9.71264
9.70035
9.71878
9.7239
9.70035
9.69933
9.70957
9.69216
9.72083
9.68704
9.69626
9.7239
9.70957
9.70957
9.71571
9.7495
9.71981
9.72083
9.71264
9.70957
9.73926
9.73005
9.70957
9.72902
9.73619
9.72698
9.70957
9.70547
9.67578
9.69626
9.69523
9.7065
9.69318
9.72288
9.69626
9.7024
9.70854
9.7321
9.69626
9.70752
9.72595
9.71776
9.7065
9.68909
9.71878
9.68704
9.728
9.73005
9.68294
9.71878
9.71469
9.7321
9.71981
9.71366
9.6983
9.6983
9.70957
9.72698
9.70138
9.71059
9.72595
9.70035
9.71469
9.68499
9.71776
9.71162
9.72288
9.75872
9.68806
9.728
9.72493
9.7321
9.71469
9.70854
9.71878
9.74541
9.72493
9.70957
9.7321
9.7239
9.73824
9.72902
9.73005
9.73414
9.7239
9.73517
9.73107
9.71469
9.73107
9.71571
9.7065
9.73312
9.71059
9.73517
9.72595
9.71469
9.73107
9.7495
9.72288
9.70957
9.7321
9.73005
9.71878
9.71981
9.71162
9.67373
9.70752
9.71878
9.73107
9.69728
9.70957
9.7239
9.74336
9.73824
9.71366
9.72083
9.71878
9.72595
9.70138
9.71878
9.73517
9.72186
9.70752
9.728
9.73414
9.73414
9.71469
9.71981
9.73517
9.74643
9.72493
9.73722
9.71059
9.71878
9.728
9.71469
9.74336
9.73517
9.73619
9.7024
9.74438
9.72186
9.7495
9.73926
9.7239
9.68499
9.72083
9.71469
9.73005
9.71878
9.72902
9.72493
9.71776
9.728
9.72595
9.72083
9.72698
9.72186
9.7239
9.7239
9.70957
9.70854
9.71674
9.6983
9.74643
9.72288
9.70854
9.71878
9.72698
9.73722
9.72902
9.72493
9.7321
9.73005
9.70547
9.69626
9.72698
9.73312
9.72595
9.71469
9.69933
9.72083
9.69933
9.72698
9.73107
9.71571
9.73107
9.72698
9.72186
9.71059
9.75667
9.72902
9.72288
9.72186
9.71981
9.72186
9.71162
9.73517
9.73517
9.73619
9.75258
9.71981
9.71674
9.71674
9.73005
9.72902
9.71674
9.73722
9.728
9.73107
9.72288
9.71264
9.73722
9.73926
9.728
9.74541
9.73619
9.72493
9.71264
9.73517
9.71469
9.74234
9.73005
9.73824
9.71162
9.74438
9.73107
9.73312
9.73414
9.73722
9.71366
9.73517
9.72902
9.7495
9.73824
9.73619
9.73414
9.74541
9.728
9.74746
9.7495
9.70138
9.73107
9.70957
9.71366
9.70957
9.73722
9.74541
9.73005
9.73824
9.72698
9.73926
9.74438
9.71162
9.728
9.72493
9.7239
9.73619
9.74234
9.74131
9.73926
9.71981
9.70957
9.72493
9.71571
9.74029
9.7239
9.72288
9.72083
9.70854
9.72698
9.73824
9.71878
9.73722
9.7495
9.73005
9.72698
9.74234
9.74541
9.70342
9.72288
9.71571
9.74336
9.74131
9.71674
9.73722
9.71571
9.7321
9.72186
9.71878
9.7239
9.72186
9.75565
9.72186
9.73414
9.76282
9.74848
9.72288
9.72083
9.73619
9.74643
9.73312
9.74848
9.73619
9.72288
9.7577
9.71469
9.77203
9.72595
9.75053
9.75565
9.71674
9.71059
9.74131
9.74029
9.71878
9.75872
9.73722
9.71878
9.73722
9.74438
9.74541
9.74131
9.74848
9.76179
9.76384
9.74643
9.72083
9.71674
9.75872
9.75462
9.74848
9.75053
9.74131
9.74029
9.7321
9.77613
9.76077
9.73312
9.7321
9.75462
9.73824
9.7495
9.77715
9.76077
9.73107
9.72902
9.72083
9.74643
9.73722
9.73107
9.75053
9.7321
9.73005
9.73517
9.71469
9.74029
9.73005
9.71059
9.72493
9.74234
9.74438
9.73005
9.76077
9.7321
9.74131
9.73517
9.74029
9.71981
9.68806
9.73619
9.74029
9.73312
9.73517
9.70854
9.73517
9.70752
9.75053
9.73619
9.74336
9.71674
9.7321
9.73312
9.7751
9.71264
9.7321
9.74336
9.73312
9.72902
9.74643
9.73107
9.74438
9.71469
9.73414
9.73414
9.728
9.7024
9.72902
9.73107
9.72698
9.72083
9.72493
9.74541
9.72595
9.71469
9.71981
9.73926
9.7065
9.71059
9.73517
9.73722
9.71366
9.69728
9.71674
9.74643
9.7065
9.75565
9.72083
9.74029
9.72083
9.71366
9.71469
9.74131
9.70445
9.73722
9.73005
9.71776
9.7239
9.73107
9.74336
9.71981
9.75974
9.75462
9.73517
9.72902
9.71981
9.73107
9.74234
9.73005
9.73517
9.75053
9.71981
9.74541
9.70957
9.71674
9.72493
9.70957
9.7065
9.72288
9.72186
9.73619
9.73926
9.71469
9.72902
9.71981
9.69421
9.728
9.70138
9.71878
9.73722
9.72083
9.74131
9.72186
9.72288
9.70854
9.69523
9.70957
9.73107
9.71264
9.71878
9.7239
9.71469
9.71059
9.69318
9.72595
9.70752
9.71776
9.71059
9.71469
9.70957
9.70035
9.7065
9.71366
9.70547
9.6727
9.68499
9.7239
9.70854
9.68909
9.71059
9.7065
9.6983
9.70445
9.68704
9.70138
9.70035
9.69626
9.66656
9.71571
9.71776
9.69728
9.71162
9.71162
9.74541
9.7024
9.67168
9.69523
9.72186
9.70035
9.69318
9.69318
9.71878
9.73517
9.72288
9.71674
9.71776
9.73414
9.72902
9.68192
9.71776
9.69523
9.71264
9.71162
9.72493
9.73722
9.70854
9.70342
9.72083
9.67578
9.7239
9.73926
9.7065
9.72902
9.70957
9.70752
9.70752
9.72288
9.6983
9.70547
9.73005
9.69933
9.72186
9.69933
9.69933
9.69626
9.69523
9.71469
9.69011
9.72083
9.73414
9.71059
9.71366
9.71981
9.70547
9.71571
9.71674
9.71264
9.6983
9.71162
9.71674
9.6983
9.70342
9.67885
9.68192
9.72186
9.69318
9.70547
9.71878
9.70957
9.71264
9.7239
9.7065
9.69318
9.72493
9.70035
9.71264
9.70547
9.7065
9.69523
9.70752
9.69523
9.68909
9.68294
9.70342
9.70035
9.70854
9.70342
9.67782
9.70547
9.70138
9.70445
9.70342
9.69421
9.70342
9.68294
9.70957
9.70957
9.71776
9.71981
9.71571
9.70445
9.7065
9.70854
9.67168
9.69728
9.68397
9.71469
9.69933
9.69933
9.71469
9.71776
9.71264
9.71162
9.71878
9.6983
9.71162
9.70035
9.70547
9.70342
9.73005
9.71469
9.71366
9.70445
9.72083
9.728
9.70035
9.70342
9.71162
9.70957
9.72493
9.71264
9.70138
9.71776
9.71571
9.69216
9.71264
9.72698
9.71981
9.70854
9.71059
9.7024
9.7065
9.70957
9.71776
9.6983
9.74336
9.7065
9.72902
9.70957
9.71776
9.69011
9.70445
9.71059
9.72493
9.71469
9.68397
9.71878
9.73517
9.69933
9.69523
9.71878
9.74234
9.6983
9.70342
9.70957
9.71776
9.73414
9.73619
9.728
9.74131
9.71264
9.728
9.72186
9.70342
9.73414
9.70035
9.71162
9.73107
9.70342
9.74029
9.73824
9.7536
9.73005
9.76691
9.74336
9.71981
9.69626
9.74029
9.70138
9.70138
9.7024
9.71776
9.7024
9.71776
9.71162
9.71981
9.73926
9.7239
9.71469
9.72902
9.71162
9.70854
9.71059
9.7321
9.74131
9.70342
9.71981
9.71264
9.72083
9.71059
9.7321
9.74029
9.73107
9.72288
9.69523
9.728
9.72083
9.74438
9.71469
9.7024
9.72083
9.70752
9.7024
9.72186
9.71571
9.7321
9.70957
9.71059
9.7065
9.70752
9.7239
9.73722
9.70342
9.69114
9.71059
9.71571
9.71366
9.71776
9.70547
9.72493
9.69114
9.72493
9.72083
9.69626
9.70342
9.70138
9.70547
9.69318
9.7239
9.74131
9.7065
9.71059
9.72083
9.70854
9.69523
9.73824
9.72698
9.7239
9.70342
9.69421
9.67782
9.68704
9.7065
9.71059
9.73107
9.71162
9.72902
9.73619
9.68909
9.73312
9.71981
9.70547
9.74029
9.73107
9.72902
9.72493
9.72186
9.73107
9.72083
9.72288
9.71571
9.70957
9.71776
9.7065
9.71674
9.71878
9.68909
9.72186
9.7239
9.74438
9.73722
9.73414
9.73107
9.73619
9.70547
9.74029
9.70547
9.71776
9.71776
9.73722
9.73107
9.71469
9.73517
9.73414
9.69933
9.74336
9.72288
9.73107
9.72186
9.70547
9.73926
9.72902
9.73824
9.73414
9.74336
9.7239
9.72493
9.70342
9.728
9.728
9.74643
9.71162
9.72288
9.73414
9.71162
9.71059
9.71469
9.72698
9.69421
9.72083
9.75258
9.73619
9.72083
9.72595
9.72595
9.71674
9.70752
9.72288
9.73312
9.73312
9.69523
9.72595
9.7239
9.73824
9.7024
9.71366
9.68806
9.71878
9.71264
9.6983
9.71059
9.73619
9.7065
9.74848
9.72493
9.72493
9.74438
9.73517
9.73107
9.74336
9.72902
9.71674
9.69318
9.72186
9.7321
9.72595
9.73824
9.72698
9.73312
9.74643
9.74746
9.70854
9.72902
9.74029
9.73414
9.73005
9.74029
9.74848
9.73517
9.72595
9.74234
9.73926
9.7024
9.65837
9.71878
9.74438
9.7024
9.71571
9.71571
9.70752
9.70138
9.69728
9.69114
9.71059
9.7024
9.70957
9.67782
9.74541
9.7065
9.7239
9.72698
9.69523
9.70854
9.70035
9.68397
9.69114
9.68192
9.70547
9.68909
9.70957
9.69933
9.71674
9.71264
9.72493
9.72493
9.72186
9.69318
9.6983
9.71059
9.69933
9.70752
9.71674
9.68909
9.71674
9.69933
9.70342
9.71264
9.69318
9.70342
9.69728
9.68704
9.71776
9.73722
9.6983
9.71162
9.70445
9.72595
9.68806
9.72493
9.67885
9.69728
9.70342
9.70752
9.68192
9.68602
9.69114
9.66861
9.67168
9.70957
9.71059
9.69933
9.70957
9.68704
9.69114
9.69933
9.69114
9.7024
9.69523
9.69011
9.69933
9.70445
9.69626
9.70342
9.67885
9.65939
9.7024
9.7024
9.69421
9.69728
9.70957
9.71674
9.68499
9.67578
9.71469
9.70138
9.71162
9.70342
9.70035
9.70035
9.67475
9.67987
9.71776
9.6983
9.72186
9.72698
9.68704
9.71264
9.70035
9.69728
9.70342
9.71059
9.69523
9.69523
9.69421
9.68294
9.70547
9.69523
9.6983
9.71469
9.7065
9.7321
9.7065
9.70342
9.71366
9.70752
9.728
9.68192
9.70035
9.70342
9.70138
9.7239
9.69728
9.71059
9.71674
9.68909
9.69318
9.70445
9.71981
9.68397
9.71366
9.70035
9.69728
9.68602
9.6983
9.68499
9.68397
9.68806
9.71674
9.67782
9.71162
9.69114
9.71878
9.69933
9.70342
9.69011
9.7024
9.70445
9.74131
9.71469
9.69523
9.69728
9.69728
9.71264
9.69933
9.71981
9.71674
9.6768
9.69421
9.69011
9.70138
9.71366
9.68499
9.70445
9.6983
9.7024
9.71059
9.6727
9.67987
9.69626
9.6983
9.70957
9.7024
9.71674
9.67987
9.69933
9.69011
9.71878
9.71571
9.68294
9.7065
9.7024
9.72083
9.70854
9.71981
9.72493
9.69728
9.71571
9.70752
9.70035
9.68192
9.69318
9.70752
9.72186
9.71059
9.71674
9.68704
9.69114
9.6809
9.71469
9.69523
9.66963
9.67168
9.69011
9.69728
9.68397
9.69728
9.70957
9.69523
9.70445
9.71366
9.70854
9.71878
9.71674
9.69523
9.70957
9.68192
9.69216
9.69114
9.71366
9.7065
9.72698
9.68704
9.72288
9.69011
9.71162
9.69318
9.68909
9.70445
9.70035
9.72595
9.70752
9.70547
9.69114
9.69421
9.69626
9.72288
9.68397
9.71981
9.71162
9.72902
9.69728
9.70445
9.71776
9.68397
9.70138
9.69933
9.69626
9.72698
9.69626
9.68294
9.70342
9.70342
9.67475
9.69011
9.69626
9.6983
9.7024
9.69728
9.71981
9.68602
9.74029
9.70035
9.6983
9.6809
9.69728
9.7065
9.71571
9.70854
9.70035
9.76179
9.6983
9.73005
9.72493
9.69114
9.69626
9.68704
9.69523
9.69523
9.70342
9.67885
9.69421
9.71674
9.67885
9.70342
9.69216
9.69216
9.69318
9.71878
9.69728
9.69216
9.68294
9.70445
9.72186
9.68704
9.70035
9.7239
9.68602
9.69318
9.7024
9.71059
9.69114
9.70445
9.68909
9.68806
9.70445
9.69318
9.68909
9.71059
9.70957
9.71571
9.70547
9.7239
9.68602
9.69318
9.68909
9.71264
9.69011
9.7024
9.71469
9.68704
9.70957
9.70752
9.70854
9.69318
9.66144
9.69421
9.69114
9.68397
9.68806
9.67987
9.69933
9.71059
9.67987
9.70752
9.68397
9.7065
9.67782
9.68192
9.67885
9.68806
9.66554
9.65222
9.68499
9.68397
9.6768
9.68909
9.66144
9.67475
9.68704
9.69523
9.66758
9.6809
9.6727
9.6768
9.67987
9.68499
9.67168
9.67578
9.67578
9.67066
9.68294
9.66349
9.67168
9.66554
9.66246
9.68192
9.66451
9.69216
9.67782
9.6553
9.66656
9.69933
9.6809
9.66042
9.68499
9.6768
9.67885
9.68602
9.66861
9.66861
9.66042
9.68294
9.66861
9.67373
9.67168
9.67987
9.70138
9.67578
9.66758
9.69318
9.71264
9.69216
9.6727
9.65734
9.68499
9.64403
9.69728
9.69114
9.67782
9.68806
9.69216
9.66451
9.68704
9.72288
9.69626
9.6727
9.69523
9.70957
9.67885
9.66349
9.70445
9.68294
9.70035
9.69523
9.71571
9.72493
9.69318
9.70445
9.70342
9.70752
9.65222
9.67373
9.67987
9.67066
9.6727
9.6512
9.64608
9.65734
9.65018
9.67578
9.68397
9.65734
9.66758
9.64506
9.6297
9.6768
9.63379
9.65632
9.67782
9.6768
9.64301
9.65837
9.64403
9.6512
9.68806
9.63994
9.66758
9.66144
9.65734
9.65222
9.6727
9.65222
9.65018
9.68602
9.65837
9.66963
9.68909
9.63994
9.65325
9.65018
9.64506
9.65427
9.67475
9.65018
9.64403
9.64813
9.66246
9.68602
9.68704
9.66656
9.64813
9.64403
9.65632
9.66451
9.65427
9.67066
9.66349
9.65837
9.64813
9.65632
9.65632
9.65632
9.67066
9.66144
9.6553
9.64813
9.63789
9.67066
9.67885
9.67168
9.64198
9.66042
9.66042
9.65222
9.62048
9.67475
9.62253
9.62458
9.65939
9.65632
9.64915
9.66246
9.64198
9.64813
9.64301
9.64198
9.64096
9.66861
9.64301
9.64096
9.76282
9.67578
9.65325
9.63584
9.64813
9.64915
9.66246
9.64915
9.63789
9.65222
9.64403
9.65427
9.65427
9.64403
9.66554
9.65325
9.65939
9.64301
9.65632
9.60922
9.63072
9.61741
9.63379
9.60307
9.63686
9.61331
9.64403
9.63994
9.63584
9.62867
9.61638
9.63072
9.64096
9.60512
9.63174
9.64301
9.64813
9.61126
9.6256
9.6297
9.63072
9.63686
9.61946
9.64403
9.64198
9.61946
9.61434
9.61024
9.62355
9.6297
9.60614
9.6256
9.61126
9.61741
9.62765
9.64096
9.64403
9.6471
9.63584
9.64608
9.65018
9.64198
9.61946
9.62662
9.62867
9.65222
9.6553
9.6256
9.65939
9.65939
9.65427
9.64813
9.67782
9.6297
9.66758
9.64915
9.63686
9.63482
9.66042
9.68704
9.65325
9.64506
9.66554
9.65222
9.64403
9.64608
9.64096
9.66554
9.65632
9.61843
9.64403
9.66963
9.65222
9.66349
9.65325
9.65325
9.64096
9.6471
9.62355
9.66144
9.66042
9.63789
9.67168
9.64403
9.68806
9.63482
9.6297
9.64813
9.64915
9.66042
9.64198
9.66246
9.64915
9.65018
9.6256
9.64198
9.66246
9.68704
9.63379
9.66963
9.66554
9.64301
9.6512
9.66554
9.6471
9.63686
9.6553
9.64403
9.64813
9.64198
9.64403
9.67066
9.65939
9.67578
9.63789
9.64506
9.63891
9.65325
9.67373
9.63891
9.64096
9.66554
9.66963
9.64813
9.67578
9.65018
9.64506
9.64608
9.6553
9.64096
9.6768
9.65939
9.65939
9.67578
9.67782
