0.23248
0.230368
0.246816
0.228352
0.230432
0.2304
0.23248
0.23248
0.231424
0.23552
0.229376
0.227328
0.226304
0.227328
0.226304
0.227328
0.226304
0.227328
0.226304
0.227328
0.227328
0.226304
0.231424
0.226304
0.226304
0.226304
0.226304
0.22528
0.22528
0.226304
0.226304
0.226304
0.226304
0.228352
0.226304
0.226304
0.226304
0.226304
0.227328
0.226304
0.226304
0.229376
0.228352
0.227328
0.231424
0.227328
0.226304
0.226304
0.227328
0.227328
0.22528
0.226304
0.223232
0.227328
0.233472
0.227328
0.22528
0.22528
0.229376
0.226304
0.2304
0.226304
0.226304
0.226304
0.226304
0.226304
0.227328
0.228352
0.228352
0.227328
0.22528
0.227328
0.226304
0.227328
0.227328
0.229376
0.259072
0.226304
0.227328
0.22528
0.22528
0.227328
0.226304
0.227328
0.227328
0.226304
0.226304
0.227328
0.227328
0.226304
0.224256
0.226304
0.226304
0.228352
0.226304
0.229376
0.22528
0.22528
0.226304
0.226304
0.22528
0.226304
0.224256
0.226304
0.227328
0.227328
0.226304
0.227328
0.226304
0.226304
0.231424
0.228352
0.232448
0.22528
0.228352
0.227328
0.226304
0.227328
0.227328
0.22528
0.227328
0.227328
0.227328
0.227328
0.227328
0.228352
0.231424
0.226304
0.22528
0.226304
0.227328
0.226304
0.226304
0.227328
0.226304
0.227328
0.226304
0.227328
0.226304
0.226304
0.227328
0.226304
0.223232
0.22528
0.227328
0.228352
0.226304
0.226304
0.226304
0.227328
0.226304
0.22528
0.226304
0.226304
0.227328
0.224256
0.223232
0.226304
0.233472
0.226304
0.22528
0.227328
0.226304
0.226304
0.226304
0.227328
0.228352
0.226304
0.226304
0.228352
0.22528
0.227328
0.231424
0.227328
0.226304
0.227328
0.227328
0.227328
0.227328
0.227328
0.226304
0.227328
0.226304
0.227328
0.228352
0.226304
0.227328
0.226304
0.22528
0.226304
0.226304
0.227328
0.227328
0.228352
0.227328
0.226304
0.227328
0.228352
0.22528
0.226304
0.227328
0.227328
0.227328
0.227328
0.227328
0.226304
0.226304
0.22528
0.22528
0.227328
0.228352
0.227328
0.226304
0.226304
0.226304
0.227328
0.227328
0.226304
0.227328
0.227328
0.227328
0.226304
0.22528
0.226304
0.226304
0.226304
0.226304
0.226304
0.22528
0.227328
0.22528
0.226304
0.241664
0.227328
0.226304
0.226304
0.226304
0.227328
0.233472
0.226304
0.226304
0.233472
0.226304
0.227328
0.251904
0.233472
0.234496
0.226304
0.233472
0.226304
0.25088
0.226304
0.227328
0.226304
0.227328
0.224256
0.22528
0.227328
0.22528
0.226304
0.226304
0.227328
0.22528
0.226304
0.226304
0.226304
0.227328
0.224256
0.227328
0.226304
0.227328
0.22528
0.226304
0.227328
0.22528
0.227328
0.226304
0.226304
0.226304
0.226304
0.227328
0.227328
0.227328
0.226304
0.227328
0.226304
0.227328
0.228352
0.22528
0.227328
0.226304
0.226304
0.226304
0.228352
0.226304
0.227328
0.227328
0.226304
0.22528
0.228352
0.226304
0.228352
0.226304
0.226304
0.227328
0.226304
0.226304
0.226304
0.227328
0.228352
0.226304
0.228352
0.229376
0.226304
0.227328
0.226304
0.227328
0.22528
0.226304
0.227328
0.224256
0.227328
0.226304
0.226304
0.22528
0.22528
0.224256
0.227328
0.227328
0.227328
0.227328
0.228352
0.22528
0.227328
0.226304
0.227328
0.22528
0.227328
0.227328
0.226304
0.226304
0.227328
0.228352
0.227328
0.226304
0.226304
0.227328
0.227328
0.227328
0.227328
0.22528
0.226304
0.226304
0.227328
0.226304
0.227328
0.226304
0.226304
0.226304
0.223232
0.226304
0.22528
0.22528
0.226304
0.227328
0.227328
0.22528
0.222208
0.227328
0.226304
0.226304
0.226304
0.226304
0.22528
0.226304
0.22528
0.228352
0.22528
0.22528
0.226304
0.226304
0.227328
0.227328
0.227328
0.227328
0.228352
0.22528
0.226304
0.227328
0.227328
0.226304
0.227328
0.227328
0.227328
0.228352
0.227328
0.227328
0.227328
0.227328
0.227328
0.228352
0.22528
0.226304
0.22528
0.226304
0.224256
0.227328
0.227328
0.227328
0.228352
0.227328
0.227328
0.22528
0.226304
0.22528
0.236544
0.226304
0.226304
0.227328
0.226304
0.22528
0.227328
0.226304
0.226304
0.227328
0.226304
0.226304
0.22528
0.22528
0.227328
0.226304
0.229376
0.228352
0.226304
0.22528
0.229376
0.227328
0.226304
0.228352
0.228352
0.22528
0.226304
0.226304
0.227328
0.228352
0.228352
0.226304
0.232416
0.227328
0.226304
0.227328
0.227328
0.226304
0.227328
0.22528
0.227328
0.226304
0.22528
0.226304
0.227328
0.226304
0.228352
0.22528
0.226304
0.224256
0.229376
0.226304
0.226304
0.226304
0.228352
0.224256
0.227328
0.227328
0.227328
0.226304
0.226304
0.226304
0.227328
0.226304
0.227328
0.227328
0.227328
0.226304
0.227328
0.226304
0.22528
0.22528
0.227328
0.228352
0.227328
0.22528
0.229376
0.226304
0.229376
0.22528
0.227328
0.229376
0.231424
0.227328
0.226304
0.226304
0.229376
0.22528
0.226304
0.237568
0.226304
0.226304
0.238592
0.227328
0.227328
0.2304
0.22528
0.22528
0.2304
0.227328
0.226304
0.229376
0.229376
0.224256
0.229376
0.227328
0.227328
0.251904
0.22528
0.226304
0.239616
0.226304
0.227328
0.2304
0.226304
0.226304
0.231424
0.226304
0.226304
0.228352
0.226304
0.224256
0.231424
0.227328
0.226304
0.229376
0.227328
0.226304
0.233472
0.22528
0.226304
0.226304
0.227328
0.226304
0.2304
0.227328
0.226304
0.226304
0.226304
0.22528
0.244736
0.228352
0.227328
0.242688
0.226304
0.227328
0.2304
0.227328
0.226304
0.231424
0.227328
0.22528
0.248832
0.227328
0.22528
0.231424
0.22528
0.226304
0.241664
0.22528
0.227328
0.253952
0.224256
0.226304
0.226304
0.227328
0.226304
0.227328
0.227328
0.226304
0.228352
0.224256
0.227328
0.229376
0.228352
0.226304
0.227328
0.227328
0.227328
0.227328
0.226304
0.227328
0.229376
0.226304
0.228352
0.2304
0.227328
0.22528
0.228352
0.227328
0.226304
0.22528
0.226304
0.227328
0.226304
0.227328
0.226304
0.226304
0.226304
0.232448
0.227328
0.226304
0.227328
0.227328
0.227328
0.226304
0.226304
0.22528
0.22528
0.227328
0.227328
0.226304
0.228352
0.227328
0.228352
0.227328
0.227328
0.227328
0.228352
0.227328
0.226304
0.228352
0.227328
0.227328
0.227328
0.232448
0.226304
0.226304
0.22528
0.227328
0.227328
0.22528
0.227328
0.228352
0.226304
0.226304
0.227328
0.226304
0.227328
0.228352
0.226304
0.226304
0.22528
0.22528
0.226304
0.226304
0.229376
0.227328
0.232448
0.227328
0.227328
0.226304
0.227328
0.227328
0.226304
0.226304
0.227328
0.227328
0.2304
0.22528
0.228352
0.226304
0.226304
0.227328
0.22528
0.227328
0.228352
0.231424
0.228352
0.227328
0.226304
0.226304
0.231424
0.226304
0.226304
0.226304
0.226304
0.226304
0.227328
0.226304
0.227328
0.228352
0.228352
0.237568
0.229376
0.226304
0.228352
0.228352
0.227328
0.227328
0.226304
0.22528
0.227328
0.226304
0.227328
0.227328
0.227328
0.22528
0.227328
0.229376
0.227328
0.226304
0.226304
0.22528
0.223232
0.227328
0.22528
0.227328
0.227328
0.227328
0.227328
0.227328
0.227328
0.231424
0.226304
0.22528
0.226304
0.226304
0.233472
0.226304
0.226304
0.229376
0.228352
0.223232
0.229376
0.227328
0.228352
0.227328
0.228352
0.227328
0.229376
0.227328
0.227328
0.228352
0.227328
0.224256
0.227328
0.227328
0.226304
0.227328
0.227328
0.227328
0.228352
0.227328
0.227328
0.226304
0.22528
0.226304
0.227328
0.229376
0.227328
0.226304
0.227328
0.227328
0.228352
0.227328
0.228352
0.227328
0.227328
0.226304
0.228352
0.22528
0.226304
0.226304
0.227328
0.226304
0.227328
0.22528
0.22528
0.226304
0.227328
0.226304
0.226304
0.228352
0.226304
0.228352
0.227328
0.226304
0.229376
0.228352
0.234496
0.22528
0.227328
0.227328
0.227328
0.226304
0.2304
0.226304
0.22528
0.22528
0.227328
0.226304
0.226304
0.227328
0.226304
0.226304
0.226304
0.227328
0.227328
0.227328
0.228352
0.227328
0.22528
0.224256
0.226304
0.22528
0.226304
0.226304
0.227328
0.227328
0.227328
0.226304
0.22528
0.227328
0.227328
0.232448
